# lan_2_0.jpg
606 94 405 823 772.3 94.26 0.0 1010.76 122.07 0.0 809.5 505.545 0.0 606.0 909.7 0.0 846.7 916.83 0.0 1.0
1008 5 209 149 1035.5 5.99 0.0 1216.2 29.1 0.0 1113.51 79.765 0.0 1008.38 132.64 0.0 1191.52 153.54 0.0 2.0
879 637 210 151 907.54 637.58 0.0 1088.19 662.06 0.0 985.92 712.375 0.0 879.47 761.5 0.0 1064.3 787.17 0.0 2.0
# lan_2_1.jpg
606 94 407 823 772.6 94.62 0.0 1012.1 123.11 0.0 809.6500000000001 505.46 0.0 606.07 909.08 0.0 846.7 916.3 0.0 1.0
880 637 211 149 906.68 637.42 0.0 1090.03 662.97 0.0 985.3199999999999 711.5999999999999 0.0 880.21 761.56 0.0 1063.96 785.78 0.0 2.0
1009 7 208 148 1034.18 7.22 0.0 1216.78 28.51 0.0 1112.955 80.86 0.0 1009.13 133.71 0.0 1191.73 154.5 0.0 2.0
# lan_2_10.jpg
949 8 209 148 974.98 8.28 0.0 1157.43 29.92 0.0 1052.53 81.92 0.0 949.43 133.92 0.0 1130.08 155.56 0.0 2.0
819 638 211 151 845.4 638.6 0.0 1029.08 663.53 0.0 924.62 713.585 0.0 819.28 764.22 0.0 1003.84 788.57 0.0 2.0
545 95 407 822 711.44 95.26 0.0 951.3 123.22 0.0 749.37 505.88 0.0 545.52 911.62 0.0 787.3 916.5 0.0 1.0
# lan_2_100.jpg
679 138 408 822 848.16 138.69 0.0 1086.4 166.3 0.0 884.98 548.945 0.0 679.92 956.42 0.0 921.8 959.2 0.0 1.0
1083 52 209 147 1109.25 52.54 0.0 1291.31 72.65 0.0 1187.525 125.63499999999999 0.0 1083.95 177.37 0.0 1265.8 198.73 0.0 2.0
953 680 213 152 981.2 680.28 0.0 1165.14 705.36 0.0 1059.135 755.825 0.0 953.43 806.88 0.0 1137.07 831.37 0.0 2.0
# lan_2_101.jpg
953 680 213 152 981.2 680.28 0.0 1165.14 705.36 0.0 1059.135 755.825 0.0 953.43 806.88 0.0 1137.07 831.37 0.0 2.0
1083 52 209 147 1109.25 52.54 0.0 1291.31 72.65 0.0 1187.525 125.63499999999999 0.0 1083.95 177.37 0.0 1265.8 198.73 0.0 2.0
679 138 408 822 848.16 138.69 0.0 1086.4 166.3 0.0 884.98 548.945 0.0 679.92 956.42 0.0 921.8 959.2 0.0 1.0
# lan_2_103.jpg
1083 52 209 147 1109.25 52.54 0.0 1291.31 72.65 0.0 1187.525 125.63499999999999 0.0 1083.95 177.37 0.0 1265.8 198.73 0.0 2.0
679 138 408 822 848.16 138.69 0.0 1086.4 166.3 0.0 884.98 548.945 0.0 679.92 956.42 0.0 921.8 959.2 0.0 1.0
953 680 213 152 981.2 680.28 0.0 1165.14 705.36 0.0 1059.135 755.825 0.0 953.43 806.88 0.0 1137.07 831.37 0.0 2.0
# lan_2_104.jpg
1083 52 209 147 1109.25 52.54 0.0 1291.31 72.65 0.0 1187.525 125.63499999999999 0.0 1083.95 177.37 0.0 1265.8 198.73 0.0 2.0
953 680 213 152 981.2 680.28 0.0 1165.14 705.36 0.0 1059.135 755.825 0.0 953.43 806.88 0.0 1137.07 831.37 0.0 2.0
679 138 408 822 848.16 138.69 0.0 1086.4 166.3 0.0 884.98 548.945 0.0 679.92 956.42 0.0 921.8 959.2 0.0 1.0
# lan_2_106.jpg
1083 52 209 147 1109.25 52.54 0.0 1291.31 72.65 0.0 1187.525 125.63499999999999 0.0 1083.95 177.37 0.0 1265.8 198.73 0.0 2.0
679 138 408 822 848.16 138.69 0.0 1086.4 166.3 0.0 884.98 548.945 0.0 679.92 956.42 0.0 921.8 959.2 0.0 1.0
953 680 213 152 981.2 680.28 0.0 1165.14 705.36 0.0 1059.135 755.825 0.0 953.43 806.88 0.0 1137.07 831.37 0.0 2.0
# lan_2_108.jpg
1083 52 209 147 1109.25 52.54 0.0 1291.31 72.65 0.0 1187.525 125.63499999999999 0.0 1083.95 177.37 0.0 1265.8 198.73 0.0 2.0
953 680 213 152 981.2 680.28 0.0 1165.14 705.36 0.0 1059.135 755.825 0.0 953.43 806.88 0.0 1137.07 831.37 0.0 2.0
679 138 408 822 848.16 138.69 0.0 1086.4 166.3 0.0 884.98 548.945 0.0 679.92 956.42 0.0 921.8 959.2 0.0 1.0
# lan_2_110.jpg
1084 52 208 148 1109.11 52.71 0.0 1291.75 73.79 0.0 1187.8049999999998 125.905 0.0 1084.27 175.86 0.0 1266.5 199.1 0.0 2.0
681 139 406 822 847.32 139.2 0.0 1086.1 166.8 0.0 884.86 549.61 0.0 681.05 954.61 0.0 922.4 960.02 0.0 1.0
954 681 212 152 980.6 681.2 0.0 1165.42 705.55 0.0 1059.335 756.7950000000001 0.0 954.42 807.14 0.0 1138.07 832.39 0.0 2.0
# lan_2_111.jpg
954 681 212 152 980.6 681.2 0.0 1165.42 705.55 0.0 1059.335 756.7950000000001 0.0 954.42 807.14 0.0 1138.07 832.39 0.0 2.0
1084 52 208 147 1109.11 52.71 0.0 1291.75 73.79 0.0 1187.955 125.605 0.0 1084.27 175.86 0.0 1266.8 198.5 0.0 2.0
681 139 406 822 847.32 139.2 0.0 1086.1 166.8 0.0 884.86 549.61 0.0 681.05 954.61 0.0 922.4 960.02 0.0 1.0
# lan_2_112.jpg
1076 89 193 136 1099.4 89.3 0.0 1268.1 110.1 0.0 1172.8000000000002 157.0 0.0 1076.7 205.8 0.0 1246.2 224.7 0.0 2.0
703 169 376 762 857.9 169.5 0.0 1078.8 195.2 0.0 892.75 550.15 0.0 703.0 925.4 0.0 927.6 930.8 0.0 1.0
957 672 194 139 981.0 672.3 0.0 1150.1 695.6 0.0 1054.05 741.55 0.0 957.3 788.3 0.0 1127.1 810.8 0.0 2.0
# lan_2_113.jpg
703 169 376 762 857.9 169.5 0.0 1078.8 195.2 0.0 892.75 550.15 0.0 703.0 925.4 0.0 927.6 930.8 0.0 1.0
957 672 194 139 981.0 672.3 0.0 1150.1 695.6 0.0 1054.05 741.55 0.0 957.3 788.3 0.0 1127.1 810.8 0.0 2.0
1076 89 193 136 1099.4 89.3 0.0 1268.1 110.1 0.0 1172.8000000000002 157.0 0.0 1076.7 205.8 0.0 1246.2 224.7 0.0 2.0
# lan_2_114.jpg
1076 89 193 136 1099.4 89.3 0.0 1268.1 110.1 0.0 1172.8000000000002 157.0 0.0 1076.7 205.8 0.0 1246.2 224.7 0.0 2.0
703 169 376 762 857.9 169.5 0.0 1078.8 195.2 0.0 892.75 550.15 0.0 703.0 925.4 0.0 927.6 930.8 0.0 1.0
957 672 194 139 981.0 672.3 0.0 1150.1 695.6 0.0 1054.05 741.55 0.0 957.3 788.3 0.0 1127.1 810.8 0.0 2.0
# lan_2_115.jpg
1074 92 192 137 1098.8 92.0 0.0 1265.7 115.2 0.0 1170.6999999999998 160.15 0.0 1074.9 209.7 0.0 1242.6 228.3 0.0 2.0
708 174 369 748 857.8 174.5 0.0 1076.9 199.3 0.0 892.8 547.8 0.0 708.7 918.9 0.0 927.8 921.1 0.0 1.0
957 671 190 137 981.7 671.1 0.0 1146.6 690.6 0.0 1052.9 739.1 0.0 957.3 782.3 0.0 1124.1 807.1 0.0 2.0
# lan_2_116.jpg
958 661 178 127 980.0 661.8 0.0 1135.75 682.63 0.0 1046.35 724.815 0.0 958.16 767.29 0.0 1112.7 787.83 0.0 2.0
1067 133 174 124 1090.43 133.42 0.0 1240.72 150.95 0.0 1155.88 194.97499999999997 0.0 1067.53 238.25 0.0 1221.33 256.53 0.0 2.0
729 208 341 688 869.4 208.36 0.0 1069.16 229.3 0.0 900.25 552.03 0.0 729.7 893.7 0.0 931.1 895.7 0.0 1.0
# lan_2_117.jpg
729 208 341 688 869.4 208.36 0.0 1069.16 229.3 0.0 900.25 552.03 0.0 729.7 893.7 0.0 931.1 895.7 0.0 1.0
1067 133 174 124 1090.43 133.42 0.0 1240.72 150.95 0.0 1155.88 194.97499999999997 0.0 1067.53 238.25 0.0 1221.33 256.53 0.0 2.0
958 661 178 127 980.0 661.8 0.0 1135.75 682.63 0.0 1046.35 724.815 0.0 958.16 767.29 0.0 1112.7 787.83 0.0 2.0
# lan_2_119.jpg
1067 133 174 124 1090.43 133.42 0.0 1240.72 150.95 0.0 1155.88 194.97499999999997 0.0 1067.53 238.25 0.0 1221.33 256.53 0.0 2.0
729 208 341 688 869.4 208.36 0.0 1069.16 229.3 0.0 900.25 552.03 0.0 729.7 893.7 0.0 931.1 895.7 0.0 1.0
958 661 178 127 980.0 661.8 0.0 1135.75 682.63 0.0 1046.35 724.815 0.0 958.16 767.29 0.0 1112.7 787.83 0.0 2.0
# lan_2_12.jpg
407 96 405 822 571.9 96.3 0.0 811.7 123.7 0.0 610.0 506.79999999999995 0.0 407.8 914.7 0.0 648.1 917.3 0.0 1.0
809 8 211 148 836.98 8.7 0.0 1019.13 31.06 0.0 915.61 82.1 0.0 809.57 134.22 0.0 994.24 155.5 0.0 2.0
682 638 211 150 710.74 638.82 0.0 892.53 663.71 0.0 788.29 713.3 0.0 682.97 764.7 0.0 865.84 787.78 0.0 2.0
# lan_2_120.jpg
729 207 341 689 869.41 207.31 0.0 1069.58 230.06 0.0 901.255 551.305 0.0 729.9 893.7 0.0 933.1 895.3 0.0 1.0
1067 135 176 122 1089.42 135.73 0.0 1242.46 152.65 0.0 1155.24 196.195 0.0 1067.78 239.24 0.0 1221.06 256.66 0.0 2.0
959 662 177 127 982.45 662.29 0.0 1135.5 682.83 0.0 1047.7 725.41 0.0 959.41 769.25 0.0 1112.95 788.53 0.0 2.0
# lan_2_121.jpg
959 662 177 127 982.45 662.29 0.0 1135.5 682.83 0.0 1047.7 725.41 0.0 959.41 769.25 0.0 1112.95 788.53 0.0 2.0
729 207 341 689 869.41 207.31 0.0 1069.58 230.06 0.0 901.255 551.305 0.0 729.9 893.7 0.0 933.1 895.3 0.0 1.0
1067 135 176 122 1089.42 135.73 0.0 1242.46 152.65 0.0 1155.24 196.195 0.0 1067.78 239.24 0.0 1221.06 256.66 0.0 2.0
# lan_2_122.jpg
1067 135 176 122 1089.42 135.73 0.0 1242.46 152.65 0.0 1155.24 196.195 0.0 1067.78 239.24 0.0 1221.06 256.66 0.0 2.0
959 662 177 127 982.45 662.29 0.0 1135.5 682.83 0.0 1047.7 725.41 0.0 959.41 769.25 0.0 1112.95 788.53 0.0 2.0
729 207 341 689 869.41 207.31 0.0 1069.58 230.06 0.0 901.255 551.305 0.0 729.9 893.7 0.0 933.1 895.3 0.0 1.0
# lan_2_123.jpg
1067 135 176 122 1089.42 135.73 0.0 1242.46 152.65 0.0 1155.24 196.195 0.0 1067.78 239.24 0.0 1221.06 256.66 0.0 2.0
729 207 341 689 869.41 207.31 0.0 1069.58 230.06 0.0 901.255 551.305 0.0 729.9 893.7 0.0 933.1 895.3 0.0 1.0
959 662 177 127 982.45 662.29 0.0 1135.5 682.83 0.0 1047.7 725.41 0.0 959.41 769.25 0.0 1112.95 788.53 0.0 2.0
# lan_2_124.jpg
957 667 184 134 981.9 667.7 0.0 1140.27 689.73 0.0 1050.625 734.0 0.0 957.15 779.11 0.0 1119.35 800.3 0.0 2.0
1072 109 182 131 1097.2 109.3 0.0 1253.51 130.93 0.0 1165.1 174.25 0.0 1072.2 220.3 0.0 1233.0 239.2 0.0 2.0
716 189 358 724 862.3 189.2 0.0 1073.9 212.4 0.0 895.355 551.09 0.0 716.0 908.8 0.0 928.41 912.98 0.0 1.0
# lan_2_126.jpg
703 172 377 757 858.72 172.02 0.0 1079.06 197.28 0.0 893.3199999999999 550.3100000000001 0.0 703.58 926.21 0.0 927.92 928.6 0.0 1.0
1077 91 191 136 1100.81 91.12 0.0 1267.49 111.73 0.0 1172.935 158.94 0.0 1077.6 206.16 0.0 1245.06 226.76 0.0 2.0
958 672 190 138 981.2 672.6 0.0 1147.08 693.84 0.0 1054.12 740.97 0.0 958.02 786.49 0.0 1127.04 809.34 0.0 2.0
# lan_2_127.jpg
1077 91 191 136 1100.81 91.12 0.0 1267.49 111.73 0.0 1172.935 158.94 0.0 1077.6 206.16 0.0 1245.06 226.76 0.0 2.0
703 172 377 757 858.72 172.02 0.0 1079.06 197.28 0.0 893.3199999999999 550.3100000000001 0.0 703.58 926.21 0.0 927.92 928.6 0.0 1.0
958 672 190 138 981.2 672.6 0.0 1147.08 693.84 0.0 1054.12 740.97 0.0 958.02 786.49 0.0 1127.04 809.34 0.0 2.0
# lan_2_128.jpg
1077 91 191 136 1100.81 91.12 0.0 1267.49 111.73 0.0 1172.935 158.94 0.0 1077.6 206.16 0.0 1245.06 226.76 0.0 2.0
703 172 377 757 858.72 172.02 0.0 1079.06 197.28 0.0 893.3199999999999 550.3100000000001 0.0 703.58 926.21 0.0 927.92 928.6 0.0 1.0
958 672 190 138 981.2 672.6 0.0 1147.08 693.84 0.0 1054.12 740.97 0.0 958.02 786.49 0.0 1127.04 809.34 0.0 2.0
# lan_2_129.jpg
1077 91 191 136 1100.81 91.12 0.0 1267.49 111.73 0.0 1172.935 158.94 0.0 1077.6 206.16 0.0 1245.06 226.76 0.0 2.0
958 672 190 138 981.2 672.6 0.0 1147.08 693.84 0.0 1054.12 740.97 0.0 958.02 786.49 0.0 1127.04 809.34 0.0 2.0
703 172 377 757 858.72 172.02 0.0 1079.06 197.28 0.0 893.3199999999999 550.3100000000001 0.0 703.58 926.21 0.0 927.92 928.6 0.0 1.0
# lan_2_13.jpg
739 9 210 148 766.56 9.46 0.0 948.71 31.82 0.0 845.19 82.86 0.0 739.15 134.98 0.0 923.82 156.26 0.0 2.0
612 640 211 150 640.29 640.19 0.0 822.08 665.08 0.0 717.8399999999999 714.675 0.0 612.52 766.07 0.0 795.39 789.16 0.0 2.0
336 95 407 823 502.0 95.2 0.0 742.0 122.8 0.0 539.35 506.3 0.0 336.41 913.68 0.0 576.7 917.4 0.0 1.0
# lan_2_130.jpg
693 158 386 786 852.5 158.4 0.0 1078.4 183.7 0.0 889.95 550.85 0.0 693.3 940.7 0.0 927.4 943.3 0.0 1.0
957 674 198 144 981.2 674.7 0.0 1154.45 698.43 0.0 1054.8000000000002 746.3 0.0 957.92 795.71 0.0 1128.4 817.9 0.0 2.0
1079 74 198 143 1101.4 74.7 0.0 1276.0 97.4 0.0 1177.5500000000002 145.4 0.0 1079.5 193.3 0.0 1253.7 216.1 0.0 2.0
# lan_2_131.jpg
693 158 386 786 852.5 158.4 0.0 1078.4 183.7 0.0 889.95 550.85 0.0 693.3 940.7 0.0 927.4 943.3 0.0 1.0
1079 74 198 143 1101.4 74.7 0.0 1276.0 97.4 0.0 1177.5500000000002 145.4 0.0 1079.5 193.3 0.0 1253.7 216.1 0.0 2.0
957 674 198 144 981.2 674.7 0.0 1154.45 698.43 0.0 1054.8000000000002 746.3 0.0 957.92 795.71 0.0 1128.4 817.9 0.0 2.0
957 674 198 144 981.2 674.7 0.0 1154.45 698.43 0.0 1054.8000000000002 746.3 0.0 957.92 795.71 0.0 1128.4 817.9 0.0 2.0
# lan_2_132.jpg
957 674 198 144 981.2 674.7 0.0 1154.45 698.43 0.0 1054.8000000000002 746.3 0.0 957.92 795.71 0.0 1128.4 817.9 0.0 2.0
957 674 198 144 981.2 674.7 0.0 1154.45 698.43 0.0 1054.8000000000002 746.3 0.0 957.92 795.71 0.0 1128.4 817.9 0.0 2.0
693 158 386 786 852.5 158.4 0.0 1078.4 183.7 0.0 889.95 550.85 0.0 693.3 940.7 0.0 927.4 943.3 0.0 1.0
1079 74 198 143 1101.4 74.7 0.0 1276.0 97.4 0.0 1177.5500000000002 145.4 0.0 1079.5 193.3 0.0 1253.7 216.1 0.0 2.0
# lan_2_133.jpg
693 158 386 786 852.5 158.4 0.0 1078.4 183.7 0.0 889.95 550.85 0.0 693.3 940.7 0.0 927.4 943.3 0.0 1.0
957 674 198 144 981.2 674.7 0.0 1154.45 698.43 0.0 1054.8000000000002 746.3 0.0 957.92 795.71 0.0 1128.4 817.9 0.0 2.0
957 674 198 144 981.2 674.7 0.0 1154.45 698.43 0.0 1054.8000000000002 746.3 0.0 957.92 795.71 0.0 1128.4 817.9 0.0 2.0
1079 74 198 143 1101.4 74.7 0.0 1276.0 97.4 0.0 1177.5500000000002 145.4 0.0 1079.5 193.3 0.0 1253.7 216.1 0.0 2.0
# lan_2_134.jpg
1079 74 198 143 1101.4 74.7 0.0 1276.0 97.4 0.0 1177.5500000000002 145.4 0.0 1079.5 193.3 0.0 1253.7 216.1 0.0 2.0
957 674 198 144 981.2 674.7 0.0 1154.45 698.43 0.0 1054.8000000000002 746.3 0.0 957.92 795.71 0.0 1128.4 817.9 0.0 2.0
957 674 198 144 981.2 674.7 0.0 1154.45 698.43 0.0 1054.8000000000002 746.3 0.0 957.92 795.71 0.0 1128.4 817.9 0.0 2.0
693 158 386 786 852.5 158.4 0.0 1078.4 183.7 0.0 889.95 550.85 0.0 693.3 940.7 0.0 927.4 943.3 0.0 1.0
# lan_2_135.jpg
957 674 198 144 981.2 674.7 0.0 1154.45 698.43 0.0 1054.8000000000002 746.3 0.0 957.92 795.71 0.0 1128.4 817.9 0.0 2.0
957 674 198 144 981.2 674.7 0.0 1154.45 698.43 0.0 1054.8000000000002 746.3 0.0 957.92 795.71 0.0 1128.4 817.9 0.0 2.0
1079 74 198 143 1101.4 74.7 0.0 1276.0 97.4 0.0 1177.5500000000002 145.4 0.0 1079.5 193.3 0.0 1253.7 216.1 0.0 2.0
693 158 386 786 852.5 158.4 0.0 1078.4 183.7 0.0 889.95 550.85 0.0 693.3 940.7 0.0 927.4 943.3 0.0 1.0
# lan_2_136.jpg
693 158 386 786 852.5 158.4 0.0 1078.4 183.7 0.0 889.95 550.85 0.0 693.3 940.7 0.0 927.4 943.3 0.0 1.0
957 674 198 144 981.2 674.7 0.0 1154.45 698.43 0.0 1054.8000000000002 746.3 0.0 957.92 795.71 0.0 1128.4 817.9 0.0 2.0
957 674 198 144 981.2 674.7 0.0 1154.45 698.43 0.0 1054.8000000000002 746.3 0.0 957.92 795.71 0.0 1128.4 817.9 0.0 2.0
1079 74 198 143 1101.4 74.7 0.0 1276.0 97.4 0.0 1177.5500000000002 145.4 0.0 1079.5 193.3 0.0 1253.7 216.1 0.0 2.0
# lan_2_138.jpg
693 158 386 786 852.5 158.4 0.0 1078.4 183.7 0.0 889.95 550.85 0.0 693.3 940.7 0.0 927.4 943.3 0.0 1.0
957 674 198 144 981.2 674.7 0.0 1154.45 698.43 0.0 1054.8000000000002 746.3 0.0 957.92 795.71 0.0 1128.4 817.9 0.0 2.0
957 674 198 144 981.2 674.7 0.0 1154.45 698.43 0.0 1054.8000000000002 746.3 0.0 957.92 795.71 0.0 1128.4 817.9 0.0 2.0
1079 74 198 143 1101.4 74.7 0.0 1276.0 97.4 0.0 1177.5500000000002 145.4 0.0 1079.5 193.3 0.0 1253.7 216.1 0.0 2.0
# lan_2_139.jpg
957 674 198 144 981.2 674.7 0.0 1154.45 698.43 0.0 1054.8000000000002 746.3 0.0 957.92 795.71 0.0 1128.4 817.9 0.0 2.0
957 674 198 144 981.2 674.7 0.0 1154.45 698.43 0.0 1054.8000000000002 746.3 0.0 957.92 795.71 0.0 1128.4 817.9 0.0 2.0
693 158 386 786 852.5 158.4 0.0 1078.4 183.7 0.0 889.95 550.85 0.0 693.3 940.7 0.0 927.4 943.3 0.0 1.0
1079 74 198 143 1101.4 74.7 0.0 1276.0 97.4 0.0 1177.5500000000002 145.4 0.0 1079.5 193.3 0.0 1253.7 216.1 0.0 2.0
# lan_2_14.jpg
554 639 211 151 582.6 639.3 0.0 764.1 664.1 0.0 661.1500000000001 714.25 0.0 554.55 765.79 0.0 739.7 789.2 0.0 2.0
682 9 210 148 709.19 9.56 0.0 891.34 31.92 0.0 787.82 82.96000000000001 0.0 682.8 134.0 0.0 866.45 156.36 0.0 2.0
281 96 405 822 445.21 96.53 0.0 685.01 123.93 0.0 483.30999999999995 507.03 0.0 281.11 914.93 0.0 521.41 917.53 0.0 1.0
# lan_2_140.jpg
955 678 204 149 980.9 678.1 0.0 1158.84 704.63 0.0 1057.2 752.05 0.0 955.15 805.0 0.0 1133.5 826.0 0.0 2.0
686 146 398 808 848.4 146.9 0.0 1083.47 174.25 0.0 886.3 550.25 0.0 686.6 951.8 0.0 924.2 953.6 0.0 1.0
1082 61 205 146 1106.7 61.4 0.0 1286.09 82.79 0.0 1183.1 133.79999999999998 0.0 1082.05 185.76 0.0 1259.5 206.2 0.0 2.0
# lan_2_141.jpg
686 146 398 808 848.4 146.9 0.0 1083.47 174.25 0.0 886.3 550.25 0.0 686.6 951.8 0.0 924.2 953.6 0.0 1.0
1082 61 205 146 1106.7 61.4 0.0 1286.09 82.79 0.0 1183.1 133.79999999999998 0.0 1082.05 185.76 0.0 1259.5 206.2 0.0 2.0
955 678 204 149 980.9 678.1 0.0 1158.84 704.63 0.0 1057.2 752.05 0.0 955.15 805.0 0.0 1133.5 826.0 0.0 2.0
# lan_2_142.jpg
686 146 398 808 848.4 146.9 0.0 1083.47 174.25 0.0 886.3 550.25 0.0 686.6 951.8 0.0 924.2 953.6 0.0 1.0
1082 61 205 146 1106.7 61.4 0.0 1286.09 82.79 0.0 1183.1 133.79999999999998 0.0 1082.05 185.76 0.0 1259.5 206.2 0.0 2.0
955 678 204 149 980.9 678.1 0.0 1158.84 704.63 0.0 1057.2 752.05 0.0 955.15 805.0 0.0 1133.5 826.0 0.0 2.0
# lan_2_143.jpg
686 146 398 808 848.4 146.9 0.0 1083.47 174.25 0.0 886.3 550.25 0.0 686.6 951.8 0.0 924.2 953.6 0.0 1.0
1082 61 205 146 1106.7 61.4 0.0 1286.09 82.79 0.0 1183.1 133.79999999999998 0.0 1082.05 185.76 0.0 1259.5 206.2 0.0 2.0
955 678 204 149 980.9 678.1 0.0 1158.84 704.63 0.0 1057.2 752.05 0.0 955.15 805.0 0.0 1133.5 826.0 0.0 2.0
# lan_2_145.jpg
955 678 204 149 980.9 678.1 0.0 1158.84 704.63 0.0 1057.2 752.05 0.0 955.2 803.0 0.0 1133.5 826.0 0.0 2.0
686 146 398 808 848.4 146.9 0.0 1083.47 174.25 0.0 886.3 550.25 0.0 686.6 951.8 0.0 924.2 953.6 0.0 1.0
1082 61 205 146 1106.7 61.4 0.0 1286.09 82.79 0.0 1183.1 133.79999999999998 0.0 1082.05 185.76 0.0 1259.5 206.2 0.0 2.0
# lan_2_146.jpg
686 146 398 808 848.4 146.9 0.0 1083.47 174.25 0.0 886.3 550.25 0.0 686.6 951.8 0.0 924.2 953.6 0.0 1.0
1082 61 205 146 1106.7 61.4 0.0 1286.09 82.79 0.0 1183.1 133.79999999999998 0.0 1082.05 185.76 0.0 1259.5 206.2 0.0 2.0
955 678 204 149 980.9 678.1 0.0 1158.84 704.63 0.0 1057.2 752.05 0.0 955.15 805.0 0.0 1133.5 826.0 0.0 2.0
# lan_2_147.jpg
955 678 204 149 980.9 678.1 0.0 1158.84 704.63 0.0 1057.2 752.05 0.0 955.15 805.0 0.0 1133.5 826.0 0.0 2.0
686 146 398 808 848.4 146.9 0.0 1083.47 174.25 0.0 886.3 550.25 0.0 686.6 951.8 0.0 924.2 953.6 0.0 1.0
1082 61 205 146 1106.7 61.4 0.0 1286.09 82.79 0.0 1183.1 133.79999999999998 0.0 1082.05 185.76 0.0 1259.5 206.2 0.0 2.0
# lan_2_148.jpg
955 678 204 149 980.9 678.1 0.0 1158.84 704.63 0.0 1057.2 752.05 0.0 955.15 805.0 0.0 1133.5 826.0 0.0 2.0
1082 61 205 146 1106.7 61.4 0.0 1286.09 82.79 0.0 1183.1 133.79999999999998 0.0 1082.05 185.76 0.0 1259.5 206.2 0.0 2.0
686 146 398 808 848.4 146.9 0.0 1083.47 174.25 0.0 886.3 550.25 0.0 686.6 951.8 0.0 924.2 953.6 0.0 1.0
# lan_2_149.jpg
686 146 398 808 848.4 146.9 0.0 1083.47 174.25 0.0 886.3 550.25 0.0 686.6 951.8 0.0 924.2 953.6 0.0 1.0
955 678 204 149 980.9 678.1 0.0 1158.84 704.63 0.0 1057.2 752.05 0.0 955.15 805.0 0.0 1133.5 826.0 0.0 2.0
1082 61 205 146 1106.7 61.4 0.0 1286.09 82.79 0.0 1183.1 133.79999999999998 0.0 1082.05 185.76 0.0 1259.5 206.2 0.0 2.0
# lan_2_15.jpg
483 639 211 150 511.67 639.13 0.0 693.46 664.02 0.0 590.1850000000001 713.915 0.0 483.9 765.01 0.0 668.7 788.7 0.0 2.0
612 10 210 148 639.84 10.2 0.0 821.99 32.56 0.0 718.47 83.6 0.0 612.43 135.72 0.0 797.1 157.0 0.0 2.0
210 97 405 822 374.2 97.72 0.0 614.0 125.12 0.0 412.29999999999995 508.22 0.0 210.1 916.12 0.0 450.4 918.72 0.0 1.0
# lan_2_150.jpg
1081 61 205 145 1104.18 61.57 0.0 1285.3 84.8 0.0 1182.76 133.66 0.0 1081.6 184.6 0.0 1261.34 205.75 0.0 2.0
957 678 203 147 980.5 678.75 0.0 1159.87 702.0 0.0 1057.6100000000001 751.825 0.0 957.25 801.65 0.0 1134.72 824.9 0.0 2.0
685 146 400 807 848.8 146.3 0.0 1084.15 175.94 0.0 885.25 549.2 0.0 685.2 950.8 0.0 921.7 952.1 0.0 1.0
# lan_2_151.jpg
957 678 203 147 980.5 678.75 0.0 1159.87 702.0 0.0 1057.6100000000001 751.825 0.0 957.25 801.65 0.0 1134.72 824.9 0.0 2.0
685 146 400 807 848.8 146.3 0.0 1084.15 175.94 0.0 885.25 549.2 0.0 685.2 950.8 0.0 921.7 952.1 0.0 1.0
1081 61 205 145 1104.18 61.57 0.0 1285.3 84.8 0.0 1182.76 133.66 0.0 1081.6 184.6 0.0 1261.34 205.75 0.0 2.0
# lan_2_152.jpg
685 146 400 807 848.8 146.3 0.0 1084.15 175.94 0.0 885.25 549.2 0.0 685.2 950.8 0.0 921.7 952.1 0.0 1.0
1081 61 205 145 1104.18 61.57 0.0 1285.3 84.8 0.0 1182.76 133.66 0.0 1081.6 184.6 0.0 1261.34 205.75 0.0 2.0
957 678 203 147 980.5 678.75 0.0 1159.87 702.0 0.0 1057.6100000000001 751.825 0.0 957.25 801.65 0.0 1134.72 824.9 0.0 2.0
# lan_2_154.jpg
1081 61 205 145 1104.18 61.57 0.0 1285.3 84.8 0.0 1182.76 133.66 0.0 1081.6 184.6 0.0 1261.34 205.75 0.0 2.0
957 678 203 147 980.5 678.75 0.0 1159.87 702.0 0.0 1057.6100000000001 751.825 0.0 957.25 801.65 0.0 1134.72 824.9 0.0 2.0
685 146 400 807 848.8 146.3 0.0 1084.15 175.94 0.0 885.25 549.2 0.0 685.2 950.8 0.0 921.7 952.1 0.0 1.0
# lan_2_155.jpg
957 678 203 147 980.5 678.75 0.0 1159.87 702.0 0.0 1057.6100000000001 751.825 0.0 957.25 801.65 0.0 1134.72 824.9 0.0 2.0
685 146 400 807 848.8 146.3 0.0 1084.15 175.94 0.0 885.25 549.2 0.0 685.2 950.8 0.0 921.7 952.1 0.0 1.0
1081 61 205 145 1104.18 61.57 0.0 1285.3 84.8 0.0 1182.76 133.66 0.0 1081.6 184.6 0.0 1261.34 205.75 0.0 2.0
# lan_2_156.jpg
1081 61 205 145 1104.18 61.57 0.0 1285.3 84.8 0.0 1182.76 133.66 0.0 1081.6 184.6 0.0 1261.34 205.75 0.0 2.0
957 678 203 147 980.5 678.75 0.0 1159.87 702.0 0.0 1057.6100000000001 751.825 0.0 957.25 801.65 0.0 1134.72 824.9 0.0 2.0
685 146 400 807 848.8 146.3 0.0 1084.15 175.94 0.0 885.25 549.2 0.0 685.2 950.8 0.0 921.7 952.1 0.0 1.0
# lan_2_158.jpg
1081 61 205 145 1104.18 61.57 0.0 1285.3 84.8 0.0 1182.76 133.66 0.0 1081.6 184.6 0.0 1261.34 205.75 0.0 2.0
957 678 203 147 980.5 678.75 0.0 1159.87 702.0 0.0 1057.6100000000001 751.825 0.0 957.25 801.65 0.0 1134.72 824.9 0.0 2.0
685 146 400 807 848.8 146.3 0.0 1084.15 175.94 0.0 885.25 549.2 0.0 685.2 950.8 0.0 921.7 952.1 0.0 1.0
# lan_2_159.jpg
957 678 203 147 980.5 678.75 0.0 1159.87 702.0 0.0 1057.6100000000001 751.825 0.0 957.25 801.65 0.0 1134.72 824.9 0.0 2.0
685 146 400 807 848.8 146.3 0.0 1084.15 175.94 0.0 885.25 549.2 0.0 685.2 950.8 0.0 921.7 952.1 0.0 1.0
1081 61 205 145 1104.18 61.57 0.0 1285.3 84.8 0.0 1182.76 133.66 0.0 1081.6 184.6 0.0 1261.34 205.75 0.0 2.0
# lan_2_16.jpg
424 640 210 150 452.01 640.07 0.0 633.8 664.96 0.0 530.0550000000001 714.635 0.0 424.9 766.9 0.0 608.1 789.2 0.0 2.0
146 96 414 824 319.2 96.5 0.0 559.0 124.9 0.0 355.5 508.0 0.0 146.3 914.3 0.0 391.8 919.5 0.0 1.0
556 10 211 148 584.41 10.59 0.0 766.55 32.95 0.0 663.035 83.99 0.0 556.99 136.11 0.0 741.66 157.39 0.0 2.0
# lan_2_160.jpg
956 676 205 150 979.2 676.2 0.0 1160.28 702.4 0.0 1057.495 750.7950000000001 0.0 956.99 802.62 0.0 1135.79 825.39 0.0 2.0
685 146 396 808 848.4 146.5 0.0 1080.63 173.34 0.0 885.9 549.75 0.0 685.2 947.8 0.0 923.4 953.0 0.0 1.0
1081 61 203 146 1106.8 61.1 0.0 1283.82 84.07 0.0 1183.32 133.79500000000002 0.0 1081.14 184.73 0.0 1259.84 206.49 0.0 2.0
# lan_2_161.jpg
1081 61 203 146 1106.8 61.1 0.0 1283.82 84.07 0.0 1183.32 133.79500000000002 0.0 1081.14 184.73 0.0 1259.84 206.49 0.0 2.0
956 676 205 150 979.2 676.2 0.0 1160.28 702.4 0.0 1057.495 750.7950000000001 0.0 956.99 802.62 0.0 1135.79 825.39 0.0 2.0
685 146 396 808 848.4 146.5 0.0 1080.63 173.34 0.0 885.9 549.75 0.0 685.2 947.8 0.0 923.4 953.0 0.0 1.0
# lan_2_163.jpg
1081 61 203 146 1106.8 61.1 0.0 1283.82 84.07 0.0 1183.32 133.79500000000002 0.0 1081.14 184.73 0.0 1259.84 206.49 0.0 2.0
956 676 205 150 979.2 676.2 0.0 1160.28 702.4 0.0 1057.495 750.7950000000001 0.0 956.99 802.62 0.0 1135.79 825.39 0.0 2.0
685 146 396 808 848.4 146.5 0.0 1080.63 173.34 0.0 885.9 549.75 0.0 685.2 947.8 0.0 923.4 953.0 0.0 1.0
# lan_2_164.jpg
956 676 205 150 979.2 676.2 0.0 1160.28 702.4 0.0 1057.495 750.7950000000001 0.0 956.99 802.62 0.0 1135.79 825.39 0.0 2.0
685 146 396 808 848.4 146.5 0.0 1080.63 173.34 0.0 885.9 549.75 0.0 685.2 947.8 0.0 923.4 953.0 0.0 1.0
1081 61 203 146 1106.8 61.1 0.0 1283.82 84.07 0.0 1183.32 133.79500000000002 0.0 1081.14 184.73 0.0 1259.84 206.49 0.0 2.0
# lan_2_165.jpg
1081 61 203 146 1106.8 61.1 0.0 1283.82 84.07 0.0 1183.32 133.79500000000002 0.0 1081.14 184.73 0.0 1259.84 206.49 0.0 2.0
956 676 205 150 979.2 676.2 0.0 1160.28 702.4 0.0 1057.495 750.7950000000001 0.0 956.99 802.62 0.0 1135.79 825.39 0.0 2.0
685 146 396 808 848.4 146.5 0.0 1080.63 173.34 0.0 885.9 549.75 0.0 685.2 947.8 0.0 923.4 953.0 0.0 1.0
# lan_2_166.jpg
1081 61 203 146 1106.8 61.1 0.0 1283.82 84.07 0.0 1183.32 133.79500000000002 0.0 1081.14 184.73 0.0 1259.84 206.49 0.0 2.0
956 676 205 150 979.2 676.2 0.0 1160.28 702.4 0.0 1057.495 750.7950000000001 0.0 956.99 802.62 0.0 1135.79 825.39 0.0 2.0
685 146 396 808 848.4 146.5 0.0 1080.63 173.34 0.0 885.9 549.75 0.0 685.2 947.8 0.0 923.4 953.0 0.0 1.0
# lan_2_167.jpg
1081 61 203 146 1106.8 61.1 0.0 1283.82 84.07 0.0 1183.32 133.79500000000002 0.0 1081.14 184.73 0.0 1259.84 206.49 0.0 2.0
956 676 205 150 979.2 676.2 0.0 1160.28 702.4 0.0 1057.495 750.7950000000001 0.0 956.99 802.62 0.0 1135.79 825.39 0.0 2.0
685 146 396 808 848.4 146.5 0.0 1080.63 173.34 0.0 885.9 549.75 0.0 685.2 947.8 0.0 923.4 953.0 0.0 1.0
# lan_2_169.jpg
685 146 396 808 848.4 146.5 0.0 1080.63 173.34 0.0 885.9 549.75 0.0 685.2 947.8 0.0 923.4 953.0 0.0 1.0
956 676 205 150 979.2 676.2 0.0 1160.28 702.4 0.0 1057.495 750.7950000000001 0.0 956.99 802.62 0.0 1135.79 825.39 0.0 2.0
1081 61 203 146 1106.8 61.1 0.0 1283.82 84.07 0.0 1183.32 133.79500000000002 0.0 1081.14 184.73 0.0 1259.84 206.49 0.0 2.0
# lan_2_17.jpg
143 96 408 824 308.7 96.1 0.0 550.2 124.4 0.0 348.29999999999995 507.95 0.0 143.4 916.7 0.0 387.9 919.8 0.0 1.0
548 9 208 148 573.59 9.69 0.0 755.74 32.05 0.0 652.22 83.09 0.0 548.2 135.3 0.0 730.85 156.49 0.0 2.0
420 641 210 150 448.08 641.61 0.0 629.87 666.5 0.0 526.29 715.9549999999999 0.0 420.31 767.49 0.0 604.5 790.3 0.0 2.0
# lan_2_170.jpg
1083 63 206 145 1105.58 63.42 0.0 1288.08 80.92 0.0 1183.5 135.5 0.0 1083.08 186.75 0.0 1261.42 207.58 0.0 2.0
686 146 398 806 848.9 146.2 0.0 1083.6 174.6 0.0 887.2 548.7 0.0 686.8 947.1 0.0 925.5 951.2 0.0 1.0
957 678 203 148 983.8 678.9 0.0 1159.3 703.4 0.0 1059.08 752.035 0.0 957.6 802.23 0.0 1134.36 825.17 0.0 2.0
# lan_2_173.jpg
686 146 398 806 848.9 146.2 0.0 1083.6 174.6 0.0 887.2 548.7 0.0 686.8 947.1 0.0 925.5 951.2 0.0 1.0
1083 63 206 145 1105.58 63.42 0.0 1288.08 80.92 0.0 1183.5 135.5 0.0 1083.08 186.75 0.0 1261.42 207.58 0.0 2.0
957 678 203 148 983.8 678.9 0.0 1159.3 703.4 0.0 1059.08 752.035 0.0 957.6 802.23 0.0 1134.36 825.17 0.0 2.0
# lan_2_177.jpg
1083 63 206 145 1105.58 63.42 0.0 1288.08 80.92 0.0 1183.5 135.5 0.0 1083.08 186.75 0.0 1261.42 207.58 0.0 2.0
957 678 203 148 983.8 678.9 0.0 1159.3 703.4 0.0 1059.08 752.035 0.0 957.6 802.23 0.0 1134.36 825.17 0.0 2.0
686 146 398 806 848.9 146.2 0.0 1083.6 174.6 0.0 887.2 548.7 0.0 686.8 947.1 0.0 925.5 951.2 0.0 1.0
# lan_2_178.jpg
686 146 398 806 848.9 146.2 0.0 1083.6 174.6 0.0 887.2 548.7 0.0 686.8 947.1 0.0 925.5 951.2 0.0 1.0
957 678 203 148 983.8 678.9 0.0 1159.3 703.4 0.0 1059.08 752.035 0.0 957.6 802.23 0.0 1134.36 825.17 0.0 2.0
1083 63 206 145 1105.58 63.42 0.0 1288.08 80.92 0.0 1183.5 135.5 0.0 1083.08 186.75 0.0 1261.42 207.58 0.0 2.0
# lan_2_18.jpg
71 96 409 825 238.08 96.36 0.0 479.5 125.6 0.0 277.59000000000003 508.48 0.0 71.1 916.6 0.0 317.1 920.6 0.0 1.0
477 9 209 149 503.72 9.23 0.0 685.87 31.6 0.0 581.9100000000001 83.315 0.0 477.5 134.9 0.0 660.1 157.4 0.0 2.0
349 641 211 150 376.6 641.5 0.0 559.02 666.36 0.0 454.65000000000003 715.95 0.0 349.8 767.7 0.0 532.7 790.4 0.0 2.0
# lan_2_180.jpg
1082 62 204 146 1104.78 62.0 0.0 1285.57 83.83 0.0 1182.1399999999999 134.85 0.0 1082.0 185.38 0.0 1259.5 207.7 0.0 2.0
957 676 204 150 979.98 676.99 0.0 1160.3 704.04 0.0 1058.74 751.245 0.0 957.67 800.84 0.0 1137.5 825.5 0.0 2.0
688 148 396 805 848.1 148.6 0.0 1083.9 174.6 0.0 885.75 550.35 0.0 688.2 942.8 0.0 923.4 952.1 0.0 1.0
# lan_2_181.jpg
1082 62 204 146 1104.78 62.0 0.0 1285.57 83.83 0.0 1182.1399999999999 134.85 0.0 1082.0 185.38 0.0 1259.5 207.7 0.0 2.0
957 676 204 150 979.98 676.99 0.0 1160.3 704.04 0.0 1058.74 751.245 0.0 957.67 800.84 0.0 1137.5 825.5 0.0 2.0
688 148 396 805 848.1 148.6 0.0 1083.9 174.6 0.0 885.75 550.35 0.0 688.2 942.8 0.0 923.4 952.1 0.0 1.0
# lan_2_182.jpg
1082 62 204 146 1104.78 62.0 0.0 1285.57 83.83 0.0 1182.1399999999999 134.85 0.0 1082.0 185.38 0.0 1259.5 207.7 0.0 2.0
957 676 204 150 979.98 676.99 0.0 1160.3 704.04 0.0 1058.74 751.245 0.0 957.67 800.84 0.0 1137.5 825.5 0.0 2.0
688 148 396 805 848.1 148.6 0.0 1083.9 174.6 0.0 885.75 550.35 0.0 688.2 942.8 0.0 923.4 952.1 0.0 1.0
# lan_2_183.jpg
1082 62 204 146 1104.78 62.0 0.0 1285.57 83.83 0.0 1182.1399999999999 134.85 0.0 1082.0 185.38 0.0 1259.5 207.7 0.0 2.0
957 676 204 150 979.98 676.99 0.0 1160.3 704.04 0.0 1058.74 751.245 0.0 957.67 800.84 0.0 1137.5 825.5 0.0 2.0
688 148 396 805 848.1 148.6 0.0 1083.9 174.6 0.0 885.75 550.35 0.0 688.2 942.8 0.0 923.4 952.1 0.0 1.0
# lan_2_185.jpg
688 148 396 805 848.1 148.6 0.0 1083.9 174.6 0.0 885.75 550.35 0.0 688.2 942.8 0.0 923.4 952.1 0.0 1.0
957 676 204 150 979.98 676.99 0.0 1160.3 704.04 0.0 1058.74 751.245 0.0 957.67 800.84 0.0 1137.5 825.5 0.0 2.0
1082 62 204 146 1104.78 62.0 0.0 1285.57 83.83 0.0 1182.1399999999999 134.85 0.0 1082.0 185.38 0.0 1259.5 207.7 0.0 2.0
# lan_2_186.jpg
688 148 396 805 848.1 148.6 0.0 1083.9 174.6 0.0 885.75 550.35 0.0 688.2 942.8 0.0 923.4 952.1 0.0 1.0
957 676 204 150 979.98 676.99 0.0 1160.3 704.04 0.0 1058.74 751.245 0.0 957.67 800.84 0.0 1137.5 825.5 0.0 2.0
1082 62 204 146 1104.78 62.0 0.0 1285.57 83.83 0.0 1182.1399999999999 134.85 0.0 1082.0 185.38 0.0 1259.5 207.7 0.0 2.0
# lan_2_187.jpg
688 148 396 805 848.1 148.6 0.0 1083.9 174.6 0.0 885.75 550.35 0.0 688.2 942.8 0.0 923.4 952.1 0.0 1.0
957 676 204 150 979.98 676.99 0.0 1160.3 704.04 0.0 1058.74 751.245 0.0 957.67 800.84 0.0 1137.5 825.5 0.0 2.0
1082 62 204 146 1104.78 62.0 0.0 1285.57 83.83 0.0 1182.1399999999999 134.85 0.0 1082.0 185.38 0.0 1259.5 207.7 0.0 2.0
# lan_2_188.jpg
688 148 396 805 848.1 148.6 0.0 1083.9 174.6 0.0 885.75 550.35 0.0 688.2 942.8 0.0 923.4 952.1 0.0 1.0
957 676 204 150 979.98 676.99 0.0 1160.3 704.04 0.0 1058.74 751.245 0.0 957.67 800.84 0.0 1137.5 825.5 0.0 2.0
1082 62 204 146 1104.78 62.0 0.0 1285.57 83.83 0.0 1182.1399999999999 134.85 0.0 1082.0 185.38 0.0 1259.5 207.7 0.0 2.0
# lan_2_189.jpg
688 148 396 805 848.1 148.6 0.0 1083.9 174.6 0.0 885.75 550.35 0.0 688.2 942.8 0.0 923.4 952.1 0.0 1.0
1082 62 204 146 1104.78 62.0 0.0 1285.57 83.83 0.0 1182.1399999999999 134.85 0.0 1082.0 185.38 0.0 1259.5 207.7 0.0 2.0
957 676 204 150 979.98 676.99 0.0 1160.3 704.04 0.0 1058.74 751.245 0.0 957.67 800.84 0.0 1137.5 825.5 0.0 2.0
# lan_2_192.jpg
688 148 396 805 848.1 148.6 0.0 1083.9 174.6 0.0 885.75 550.35 0.0 688.2 942.8 0.0 923.4 952.1 0.0 1.0
957 676 204 150 979.98 676.99 0.0 1160.3 704.04 0.0 1058.74 751.245 0.0 957.67 800.84 0.0 1137.5 825.5 0.0 2.0
1082 62 204 146 1104.78 62.0 0.0 1285.57 83.83 0.0 1182.1399999999999 134.85 0.0 1082.0 185.38 0.0 1259.5 207.7 0.0 2.0
# lan_2_194.jpg
957 676 204 150 979.98 676.99 0.0 1160.3 704.04 0.0 1058.74 751.245 0.0 957.67 800.84 0.0 1137.5 825.5 0.0 2.0
1082 62 204 146 1104.78 62.0 0.0 1285.57 83.83 0.0 1182.1399999999999 134.85 0.0 1082.0 185.38 0.0 1259.5 207.7 0.0 2.0
688 148 396 805 848.1 148.6 0.0 1083.9 174.6 0.0 885.75 550.35 0.0 688.2 942.8 0.0 923.4 952.1 0.0 1.0
# lan_2_195.jpg
688 148 396 805 848.1 148.6 0.0 1083.9 174.6 0.0 885.75 550.35 0.0 688.2 942.8 0.0 923.4 952.1 0.0 1.0
1082 62 204 146 1104.78 62.0 0.0 1285.57 83.83 0.0 1182.1399999999999 134.85 0.0 1082.0 185.38 0.0 1259.5 207.7 0.0 2.0
957 676 204 150 979.98 676.99 0.0 1160.3 704.04 0.0 1058.74 751.245 0.0 957.67 800.84 0.0 1137.5 825.5 0.0 2.0
# lan_2_197.jpg
1082 62 204 146 1104.78 62.0 0.0 1285.57 83.83 0.0 1182.1399999999999 134.85 0.0 1082.0 185.38 0.0 1259.5 207.7 0.0 2.0
957 676 204 150 979.98 676.99 0.0 1160.3 704.04 0.0 1058.74 751.245 0.0 957.67 800.84 0.0 1137.5 825.5 0.0 2.0
688 148 396 805 848.1 148.6 0.0 1083.9 174.6 0.0 885.75 550.35 0.0 688.2 942.8 0.0 923.4 952.1 0.0 1.0
# lan_2_198.jpg
957 676 204 150 979.98 676.99 0.0 1160.3 704.04 0.0 1058.74 751.245 0.0 957.67 800.84 0.0 1137.5 825.5 0.0 2.0
688 148 396 805 848.1 148.6 0.0 1083.9 174.6 0.0 885.75 550.35 0.0 688.2 942.8 0.0 923.4 952.1 0.0 1.0
1082 62 204 146 1104.78 62.0 0.0 1285.57 83.83 0.0 1182.1399999999999 134.85 0.0 1082.0 185.38 0.0 1259.5 207.7 0.0 2.0
# lan_2_199.jpg
957 676 204 150 979.98 676.99 0.0 1160.3 704.04 0.0 1058.74 751.245 0.0 957.67 800.84 0.0 1137.5 825.5 0.0 2.0
688 148 396 805 848.1 148.6 0.0 1083.9 174.6 0.0 885.75 550.35 0.0 688.2 942.8 0.0 923.4 952.1 0.0 1.0
1082 62 204 146 1104.78 62.0 0.0 1285.57 83.83 0.0 1182.1399999999999 134.85 0.0 1082.0 185.38 0.0 1259.5 207.7 0.0 2.0
# lan_2_2.jpg
605 94 406 821 770.6 94.4 0.0 1010.1 121.9 0.0 809.35 504.55 0.0 605.61 912.46 0.0 848.1 914.7 0.0 1.0
1008 9 210 146 1032.5 9.0 0.0 1217.37 29.11 0.0 1112.25 81.95 0.0 1008.1 132.3 0.0 1192.0 154.9 0.0 2.0
879 637 211 150 907.35 637.24 0.0 1089.13 662.13 0.0 986.075 711.87 0.0 879.57 763.12 0.0 1064.8 786.5 0.0 2.0
# lan_2_200.jpg
687 146 399 807 849.1 146.0 0.0 1085.88 174.71 0.0 885.9000000000001 549.0 0.0 687.3 949.0 0.0 922.7 952.0 0.0 1.0
1083 62 203 145 1107.12 62.29 0.0 1285.87 84.43 0.0 1184.21 134.445 0.0 1083.3 185.3 0.0 1261.3 206.6 0.0 2.0
958 677 202 148 981.3 677.6 0.0 1159.59 701.88 0.0 1058.0 750.8 0.0 958.4 800.4 0.0 1134.7 824.0 0.0 2.0
# lan_2_201.jpg
1083 62 203 145 1107.12 62.29 0.0 1285.87 84.43 0.0 1184.21 134.445 0.0 1083.3 185.3 0.0 1261.3 206.6 0.0 2.0
687 146 399 807 849.1 146.0 0.0 1085.88 174.71 0.0 885.9000000000001 549.0 0.0 687.3 949.0 0.0 922.7 952.0 0.0 1.0
958 677 202 148 981.3 677.6 0.0 1159.59 701.88 0.0 1058.0 750.8 0.0 958.4 800.4 0.0 1134.7 824.0 0.0 2.0
# lan_2_204.jpg
1083 62 203 145 1107.12 62.29 0.0 1285.87 84.43 0.0 1184.21 134.445 0.0 1083.3 185.3 0.0 1261.3 206.6 0.0 2.0
958 677 202 148 981.3 677.6 0.0 1159.59 701.88 0.0 1058.0 750.8 0.0 958.4 800.4 0.0 1134.7 824.0 0.0 2.0
687 146 399 807 849.1 146.0 0.0 1085.88 174.71 0.0 885.9000000000001 549.0 0.0 687.3 949.0 0.0 922.7 952.0 0.0 1.0
# lan_2_206.jpg
958 677 202 148 981.3 677.6 0.0 1159.59 701.88 0.0 1058.0 750.8 0.0 958.4 800.4 0.0 1134.7 824.0 0.0 2.0
1083 62 203 145 1107.12 62.29 0.0 1285.87 84.43 0.0 1184.21 134.445 0.0 1083.3 185.3 0.0 1261.3 206.6 0.0 2.0
687 146 399 807 849.1 146.0 0.0 1085.88 174.71 0.0 885.9000000000001 549.0 0.0 687.3 949.0 0.0 922.7 952.0 0.0 1.0
# lan_2_207.jpg
1083 62 203 145 1107.12 62.29 0.0 1285.87 84.43 0.0 1184.21 134.445 0.0 1083.3 185.3 0.0 1261.3 206.6 0.0 2.0
958 677 202 148 981.3 677.6 0.0 1159.59 701.88 0.0 1058.0 750.8 0.0 958.4 800.4 0.0 1134.7 824.0 0.0 2.0
687 146 399 807 849.1 146.0 0.0 1085.88 174.71 0.0 885.9000000000001 549.0 0.0 687.3 949.0 0.0 922.7 952.0 0.0 1.0
# lan_2_208.jpg
687 146 399 807 849.1 146.0 0.0 1085.88 174.71 0.0 885.9000000000001 549.0 0.0 687.3 949.0 0.0 922.7 952.0 0.0 1.0
958 677 202 148 981.3 677.6 0.0 1159.59 701.88 0.0 1058.0 750.8 0.0 958.4 800.4 0.0 1134.7 824.0 0.0 2.0
1083 62 203 145 1107.12 62.29 0.0 1285.87 84.43 0.0 1184.21 134.445 0.0 1083.3 185.3 0.0 1261.3 206.6 0.0 2.0
# lan_2_209.jpg
1083 62 203 145 1107.12 62.29 0.0 1285.87 84.43 0.0 1184.21 134.445 0.0 1083.3 185.3 0.0 1261.3 206.6 0.0 2.0
958 677 202 148 981.3 677.6 0.0 1159.59 701.88 0.0 1058.0 750.8 0.0 958.4 800.4 0.0 1134.7 824.0 0.0 2.0
687 146 399 807 849.1 146.0 0.0 1085.88 174.71 0.0 885.9000000000001 549.0 0.0 687.3 949.0 0.0 922.7 952.0 0.0 1.0
# lan_2_211.jpg
1083 62 203 145 1107.12 62.29 0.0 1285.87 84.43 0.0 1184.21 134.445 0.0 1083.3 185.3 0.0 1261.3 206.6 0.0 2.0
958 677 202 148 981.3 677.6 0.0 1159.59 701.88 0.0 1058.0 750.8 0.0 958.4 800.4 0.0 1134.7 824.0 0.0 2.0
687 146 399 807 849.1 146.0 0.0 1085.88 174.71 0.0 885.9000000000001 549.0 0.0 687.3 949.0 0.0 922.7 952.0 0.0 1.0
# lan_2_212.jpg
687 146 399 807 849.1 146.0 0.0 1085.88 174.71 0.0 885.9000000000001 549.0 0.0 687.3 949.0 0.0 922.7 952.0 0.0 1.0
958 677 202 148 981.3 677.6 0.0 1159.59 701.88 0.0 1058.0 750.8 0.0 958.4 800.4 0.0 1134.7 824.0 0.0 2.0
1083 62 203 145 1107.12 62.29 0.0 1285.87 84.43 0.0 1184.21 134.445 0.0 1083.3 185.3 0.0 1261.3 206.6 0.0 2.0
# lan_2_214.jpg
687 146 399 807 849.1 146.0 0.0 1085.88 174.71 0.0 885.9000000000001 549.0 0.0 687.3 949.0 0.0 922.7 952.0 0.0 1.0
958 677 202 148 981.3 677.6 0.0 1159.59 701.88 0.0 1058.0 750.8 0.0 958.4 800.4 0.0 1134.7 824.0 0.0 2.0
1083 62 203 145 1107.12 62.29 0.0 1285.87 84.43 0.0 1184.21 134.445 0.0 1083.3 185.3 0.0 1261.3 206.6 0.0 2.0
# lan_2_215.jpg
687 146 399 807 849.1 146.0 0.0 1085.88 174.71 0.0 885.9000000000001 549.0 0.0 687.3 949.0 0.0 922.7 952.0 0.0 1.0
1083 62 203 145 1107.12 62.29 0.0 1285.87 84.43 0.0 1184.21 134.445 0.0 1083.3 185.3 0.0 1261.3 206.6 0.0 2.0
958 677 202 148 981.3 677.6 0.0 1159.59 701.88 0.0 1058.0 750.8 0.0 958.4 800.4 0.0 1134.7 824.0 0.0 2.0
# lan_2_216.jpg
687 146 399 807 849.1 146.0 0.0 1085.88 174.71 0.0 885.9000000000001 549.0 0.0 687.3 949.0 0.0 922.7 952.0 0.0 1.0
958 677 202 148 981.3 677.6 0.0 1159.59 701.88 0.0 1058.0 750.8 0.0 958.4 800.4 0.0 1134.7 824.0 0.0 2.0
1083 62 203 145 1107.12 62.29 0.0 1285.87 84.43 0.0 1184.21 134.445 0.0 1083.3 185.3 0.0 1261.3 206.6 0.0 2.0
# lan_2_217.jpg
687 146 399 807 849.1 146.0 0.0 1085.88 174.71 0.0 885.9000000000001 549.0 0.0 687.3 949.0 0.0 922.7 952.0 0.0 1.0
958 677 202 148 981.3 677.6 0.0 1159.59 701.88 0.0 1058.0 750.8 0.0 958.4 800.4 0.0 1134.7 824.0 0.0 2.0
1083 62 203 145 1107.12 62.29 0.0 1285.87 84.43 0.0 1184.21 134.445 0.0 1083.3 185.3 0.0 1261.3 206.6 0.0 2.0
# lan_2_218.jpg
1083 62 203 145 1107.12 62.29 0.0 1285.87 84.43 0.0 1184.21 134.445 0.0 1083.3 185.3 0.0 1261.3 206.6 0.0 2.0
687 146 399 807 849.1 146.0 0.0 1085.88 174.71 0.0 885.9000000000001 549.0 0.0 687.3 949.0 0.0 922.7 952.0 0.0 1.0
958 677 202 148 981.3 677.6 0.0 1159.59 701.88 0.0 1058.0 750.8 0.0 958.4 800.4 0.0 1134.7 824.0 0.0 2.0
# lan_2_222.jpg
1083 62 203 145 1107.12 62.29 0.0 1285.87 84.43 0.0 1184.21 134.445 0.0 1083.3 185.3 0.0 1261.3 206.6 0.0 2.0
958 677 202 148 981.3 677.6 0.0 1159.59 701.88 0.0 1058.0 750.8 0.0 958.4 800.4 0.0 1134.7 824.0 0.0 2.0
687 146 399 807 849.1 146.0 0.0 1085.88 174.71 0.0 885.9000000000001 549.0 0.0 687.3 949.0 0.0 922.7 952.0 0.0 1.0
# lan_2_223.jpg
958 677 202 148 981.3 677.6 0.0 1159.59 701.88 0.0 1058.0 750.8 0.0 958.4 800.4 0.0 1134.7 824.0 0.0 2.0
1083 62 203 145 1107.12 62.29 0.0 1285.87 84.43 0.0 1184.21 134.445 0.0 1083.3 185.3 0.0 1261.3 206.6 0.0 2.0
687 146 399 807 849.1 146.0 0.0 1085.88 174.71 0.0 885.9000000000001 549.0 0.0 687.3 949.0 0.0 922.7 952.0 0.0 1.0
# lan_2_224.jpg
687 146 399 807 849.1 146.0 0.0 1085.88 174.71 0.0 885.9000000000001 549.0 0.0 687.3 949.0 0.0 922.7 952.0 0.0 1.0
958 677 202 148 981.3 677.6 0.0 1159.59 701.88 0.0 1058.0 750.8 0.0 958.4 800.4 0.0 1134.7 824.0 0.0 2.0
1083 62 203 145 1107.12 62.29 0.0 1285.87 84.43 0.0 1184.21 134.445 0.0 1083.3 185.3 0.0 1261.3 206.6 0.0 2.0
# lan_2_225.jpg
687 146 399 807 849.1 146.0 0.0 1085.88 174.71 0.0 885.9000000000001 549.0 0.0 687.3 949.0 0.0 922.7 952.0 0.0 1.0
958 677 202 148 981.3 677.6 0.0 1159.59 701.88 0.0 1058.0 750.8 0.0 958.4 800.4 0.0 1134.7 824.0 0.0 2.0
1083 62 203 145 1107.12 62.29 0.0 1285.87 84.43 0.0 1184.21 134.445 0.0 1083.3 185.3 0.0 1261.3 206.6 0.0 2.0
# lan_2_226.jpg
1083 62 203 145 1107.12 62.29 0.0 1285.87 84.43 0.0 1184.21 134.445 0.0 1083.3 185.3 0.0 1261.3 206.6 0.0 2.0
958 677 202 148 981.3 677.6 0.0 1159.59 701.88 0.0 1058.0 750.8 0.0 958.4 800.4 0.0 1134.7 824.0 0.0 2.0
687 146 399 807 849.1 146.0 0.0 1085.88 174.71 0.0 885.9000000000001 549.0 0.0 687.3 949.0 0.0 922.7 952.0 0.0 1.0
# lan_2_227.jpg
1083 62 203 145 1107.12 62.29 0.0 1285.87 84.43 0.0 1184.21 134.445 0.0 1083.3 185.3 0.0 1261.3 206.6 0.0 2.0
687 146 399 807 849.1 146.0 0.0 1085.88 174.71 0.0 885.9000000000001 549.0 0.0 687.3 949.0 0.0 922.7 952.0 0.0 1.0
958 677 202 148 981.3 677.6 0.0 1159.59 701.88 0.0 1058.0 750.8 0.0 958.4 800.4 0.0 1134.7 824.0 0.0 2.0
# lan_2_228.jpg
1083 62 203 145 1107.12 62.29 0.0 1285.87 84.43 0.0 1184.21 134.445 0.0 1083.3 185.3 0.0 1261.3 206.6 0.0 2.0
958 677 202 148 981.3 677.6 0.0 1159.59 701.88 0.0 1058.0 750.8 0.0 958.4 800.4 0.0 1134.7 824.0 0.0 2.0
687 146 399 807 849.1 146.0 0.0 1085.88 174.71 0.0 885.9000000000001 549.0 0.0 687.3 949.0 0.0 922.7 952.0 0.0 1.0
# lan_2_230.jpg
1083 62 203 145 1107.12 62.29 0.0 1285.87 84.43 0.0 1184.21 134.445 0.0 1083.3 185.3 0.0 1261.3 206.6 0.0 2.0
958 677 202 148 981.3 677.6 0.0 1159.59 701.88 0.0 1058.0 750.8 0.0 958.4 800.4 0.0 1134.7 824.0 0.0 2.0
687 146 399 807 849.1 146.0 0.0 1085.88 174.71 0.0 885.9000000000001 549.0 0.0 687.3 949.0 0.0 922.7 952.0 0.0 1.0
# lan_2_231.jpg
958 677 202 148 981.3 677.6 0.0 1159.59 701.88 0.0 1058.0 750.8 0.0 958.4 800.4 0.0 1134.7 824.0 0.0 2.0
1083 62 203 145 1107.12 62.29 0.0 1285.87 84.43 0.0 1184.21 134.445 0.0 1083.3 185.3 0.0 1261.3 206.6 0.0 2.0
687 146 399 807 849.1 146.0 0.0 1085.88 174.71 0.0 885.9000000000001 549.0 0.0 687.3 949.0 0.0 922.7 952.0 0.0 1.0
# lan_2_232.jpg
1083 62 203 145 1107.12 62.29 0.0 1285.87 84.43 0.0 1184.21 134.445 0.0 1083.3 185.3 0.0 1261.3 206.6 0.0 2.0
958 677 202 148 981.3 677.6 0.0 1159.59 701.88 0.0 1058.0 750.8 0.0 958.4 800.4 0.0 1134.7 824.0 0.0 2.0
687 146 399 807 849.1 146.0 0.0 1085.88 174.71 0.0 885.9000000000001 549.0 0.0 687.3 949.0 0.0 922.7 952.0 0.0 1.0
# lan_2_233.jpg
958 677 202 148 981.3 677.6 0.0 1159.59 701.88 0.0 1058.0 750.8 0.0 958.4 800.4 0.0 1134.7 824.0 0.0 2.0
1083 62 203 145 1107.12 62.29 0.0 1285.87 84.43 0.0 1184.21 134.445 0.0 1083.3 185.3 0.0 1261.3 206.6 0.0 2.0
687 146 399 807 849.1 146.0 0.0 1085.88 174.71 0.0 885.9000000000001 549.0 0.0 687.3 949.0 0.0 922.7 952.0 0.0 1.0
# lan_2_234.jpg
958 677 202 148 981.3 677.6 0.0 1159.59 701.88 0.0 1058.0 750.8 0.0 958.4 800.4 0.0 1134.7 824.0 0.0 2.0
687 146 399 807 849.1 146.0 0.0 1085.88 174.71 0.0 885.9000000000001 549.0 0.0 687.3 949.0 0.0 922.7 952.0 0.0 1.0
1083 62 203 145 1107.12 62.29 0.0 1285.87 84.43 0.0 1184.21 134.445 0.0 1083.3 185.3 0.0 1261.3 206.6 0.0 2.0
# lan_2_235.jpg
687 146 399 807 849.1 146.0 0.0 1085.88 174.71 0.0 885.9000000000001 549.0 0.0 687.3 949.0 0.0 922.7 952.0 0.0 1.0
958 677 202 148 981.3 677.6 0.0 1159.59 701.88 0.0 1058.0 750.8 0.0 958.4 800.4 0.0 1134.7 824.0 0.0 2.0
1083 62 203 145 1107.12 62.29 0.0 1285.87 84.43 0.0 1184.21 134.445 0.0 1083.3 185.3 0.0 1261.3 206.6 0.0 2.0
# lan_2_236.jpg
958 677 202 148 981.3 677.6 0.0 1159.59 701.88 0.0 1058.0 750.8 0.0 958.4 800.4 0.0 1134.7 824.0 0.0 2.0
1083 62 203 145 1107.12 62.29 0.0 1285.87 84.43 0.0 1184.21 134.445 0.0 1083.3 185.3 0.0 1261.3 206.6 0.0 2.0
687 147 396 806 848.1 147.0 0.0 1082.9 173.7 0.0 885.4000000000001 549.5 0.0 687.3 949.0 0.0 922.7 952.0 0.0 1.0
# lan_2_237.jpg
690 148 392 805 850.5 148.6 0.0 1081.7 174.9 0.0 886.6 550.3 0.0 690.4 949.2 0.0 922.7 952.0 0.0 1.0
956 677 201 147 980.6 677.9 0.0 1156.6 701.2 0.0 1056.15 750.8 0.0 956.8 799.1 0.0 1131.7 823.7 0.0 2.0
1083 62 197 144 1107.12 62.29 0.0 1279.9 84.0 0.0 1182.01 133.645 0.0 1083.3 185.3 0.0 1256.9 205.0 0.0 2.0
# lan_2_238.jpg
1081 62 197 142 1107.12 62.29 0.0 1277.0 82.4 0.0 1181.1599999999999 133.095 0.0 1081.9 184.6 0.0 1255.2 203.9 0.0 2.0
958 677 202 148 981.3 677.6 0.0 1159.59 701.88 0.0 1058.0 750.8 0.0 958.4 800.4 0.0 1134.7 824.0 0.0 2.0
691 149 390 804 851.5 149.7 0.0 1080.2 175.1 0.0 886.5 550.85 0.0 691.8 949.5 0.0 921.5 952.0 0.0 1.0
# lan_2_239.jpg
1080 62 201 142 1107.12 62.29 0.0 1280.1 85.3 0.0 1182.1599999999999 132.79500000000002 0.0 1080.2 184.4 0.0 1257.2 203.3 0.0 2.0
958 677 202 148 981.3 677.6 0.0 1159.59 701.88 0.0 1058.0 750.8 0.0 958.4 800.4 0.0 1134.7 824.0 0.0 2.0
689 148 391 805 849.7 148.2 0.0 1079.8 175.7 0.0 886.2 550.1 0.0 689.2 949.3 0.0 922.7 952.0 0.0 1.0
# lan_2_240.jpg
1083 62 197 143 1107.12 62.29 0.0 1279.4 81.9 0.0 1181.71 133.195 0.0 1083.3 185.3 0.0 1256.3 204.1 0.0 2.0
958 677 202 148 981.3 677.6 0.0 1159.59 701.88 0.0 1057.0 750.8 0.0 958.4 800.4 0.0 1132.7 824.0 0.0 2.0
689 149 391 803 849.7 149.4 0.0 1079.7 175.3 0.0 885.4000000000001 550.5 0.0 689.3 948.6 0.0 921.1 951.6 0.0 1.0
# lan_2_242.jpg
958 677 202 147 981.3 677.6 0.0 1159.59 701.88 0.0 1057.3 750.55 0.0 958.4 800.4 0.0 1133.3 823.5 0.0 2.0
688 147 393 806 849.5 147.5 0.0 1080.9 174.7 0.0 886.1 549.75 0.0 688.2 949.0 0.0 922.7 952.0 0.0 1.0
1083 62 199 144 1107.12 62.29 0.0 1281.9 84.4 0.0 1182.71 133.945 0.0 1083.3 185.3 0.0 1258.3 205.6 0.0 2.0
# lan_2_243.jpg
670 145 411 808 848.9 145.8 0.0 1080.4 178.2 0.0 879.45 548.9 0.0 670.7 947.8 0.0 910.0 952.0 0.0 1.0
945 679 202 151 971.8 679.2 0.0 1146.1 708.2 0.0 1046.9 754.35 0.0 945.4 802.0 0.0 1122.0 829.5 0.0 2.0
1082 62 204 152 1112.9 62.3 0.0 1285.1 91.0 0.0 1185.45 137.75 0.0 1082.1 189.3 0.0 1258.0 213.2 0.0 2.0
# lan_2_245.jpg
649 142 436 809 852.8 142.7 0.0 1084.9 183.9 0.0 868.3 546.75 0.0 649.6 947.4 0.0 883.8 950.8 0.0 1.0
929 680 206 157 957.5 680.9 0.0 1134.2 715.8 0.0 1030.5 758.5999999999999 0.0 929.7 804.5 0.0 1103.5 836.3 0.0 2.0
1084 70 207 153 1113.7 70.5 0.0 1290.0 102.5 0.0 1186.7 146.35 0.0 1084.1 191.9 0.0 1259.7 222.2 0.0 2.0
# lan_2_247.jpg
1083 73 209 155 1112.1 73.1 0.0 1291.8 104.1 0.0 1186.6999999999998 150.2 0.0 1083.3 193.1 0.0 1261.3 227.3 0.0 2.0
924 680 206 159 955.7 680.6 0.0 1129.1 716.6 0.0 1027.5 759.7 0.0 924.0 805.3 0.0 1099.3 838.8 0.0 2.0
645 142 438 810 854.0 142.1 0.0 1082.9 185.5 0.0 868.65 546.55 0.0 645.0 944.1 0.0 883.3 951.0 0.0 1.0
# lan_2_250.jpg
721 163 335 789 821.74 163.74 0.0 1055.1 166.9 0.0 887.4200000000001 557.5699999999999 0.0 721.11 949.0 0.0 953.1 951.4 0.0 1.0
981 669 189 129 993.86 669.18 0.0 1169.85 674.71 0.0 1075.93 733.29 0.0 981.63 792.3 0.0 1158.0 797.4 0.0 2.0
1056 57 194 124 1072.91 57.22 0.0 1249.65 62.13 0.0 1155.145 119.0 0.0 1056.54 177.5 0.0 1237.38 180.78 0.0 2.0
# lan_2_251.jpg
1031 55 194 126 1045.28 55.06 0.0 1224.17 58.35 0.0 1129.13 117.705 0.0 1031.8 178.37 0.0 1212.98 180.35 0.0 2.0
953 666 200 129 969.67 666.3 0.0 1152.77 670.25 0.0 1053.135 730.25 0.0 953.9 788.6 0.0 1136.6 794.2 0.0 2.0
696 164 335 789 791.75 164.41 0.0 1030.36 166.9 0.0 860.37 558.26 0.0 696.96 949.75 0.0 928.99 952.11 0.0 1.0
# lan_2_254.jpg
971 439 181 134 971.94 448.12 0.0 1151.27 439.26 0.0 1060.5700000000002 505.41 0.0 971.94 572.23 0.0 1149.2 562.7 0.0 2.0
728 0 254 959 745.78 0.64 0.0 981.88 0.31 0.0 853.89 479.37 0.0 728.2 954.0 0.0 962.0 958.1 0.0 1.0
# lan_2_256.jpg
643 175 313 773 733.75 188.63 0.0 955.49 175.54 0.0 796.925 568.065 0.0 643.8 946.5 0.0 860.1 947.5 0.0 1.0
886 663 179 123 898.8 666.4 0.0 1064.58 663.14 0.0 975.3 722.95 0.0 886.35 785.47 0.0 1051.8 779.5 0.0 2.0
957 55 183 129 971.3 67.7 0.0 1139.39 55.42 0.0 1048.835 121.73500000000001 0.0 957.5 183.3 0.0 1126.37 175.77 0.0 2.0
# lan_2_257.jpg
973 51 176 138 983.47 73.63 0.0 1148.26 51.47 0.0 1060.18 121.92999999999999 0.0 973.25 188.41 0.0 1136.89 170.23 0.0 2.0
907 647 178 135 917.84 663.5 0.0 1084.9 647.6 0.0 995.1200000000001 715.21 0.0 907.62 781.7 0.0 1072.4 766.92 0.0 2.0
676 179 293 771 756.58 206.72 0.0 968.5 179.71 0.0 817.985 577.915 0.0 676.6 939.6 0.0 879.39 949.11 0.0 1.0
# lan_2_258.jpg
946 49 184 136 951.28 69.07 0.0 1129.93 49.98 0.0 1038.2150000000001 117.485 0.0 946.5 184.31 0.0 1125.15 165.9 0.0 2.0
918 643 184 134 921.65 656.81 0.0 1101.12 643.55 0.0 1009.7249999999999 708.425 0.0 918.81 776.61 0.0 1097.8 760.04 0.0 2.0
670 175 274 776 707.82 198.62 0.0 943.39 175.74 0.0 801.395 573.375 0.0 670.25 950.93 0.0 894.97 948.13 0.0 1.0
# lan_2_26.jpg
748 8 209 148 774.43 8.76 0.0 956.58 31.12 0.0 853.06 82.16 0.0 748.0 134.3 0.0 931.69 155.56 0.0 2.0
345 96 406 823 509.13 96.57 0.0 750.1 123.7 0.0 548.9649999999999 507.53499999999997 0.0 345.03 914.97 0.0 588.8 918.5 0.0 1.0
619 638 211 150 647.31 638.57 0.0 829.09 663.45 0.0 725.755 713.235 0.0 619.53 764.45 0.0 804.2 787.9 0.0 2.0
# lan_2_261.jpg
558 114 406 834 724.8 114.0 0.0 963.8 137.2 0.0 761.4 530.0 0.0 558.2 947.6 0.0 798.0 946.0 0.0 1.0
838 634 205 147 862.98 634.8 0.0 1042.92 656.44 0.0 940.99 707.405 0.0 838.49 759.51 0.0 1019.0 780.01 0.0 2.0
962 29 206 141 984.26 29.5 0.0 1167.05 47.72 0.0 1063.9850000000001 99.255 0.0 962.63 150.22 0.0 1143.71 169.01 0.0 2.0
# lan_2_263.jpg
667 127 316 831 748.5 127.6 0.0 982.2 128.3 0.0 823.7 542.3 0.0 667.4 954.7 0.0 898.9 957.0 0.0 1.0
983 13 188 129 992.34 13.46 0.0 1170.62 15.77 0.0 1076.22 77.38000000000001 0.0 983.44 139.01 0.0 1160.1 141.3 0.0 2.0
919 640 191 131 931.59 640.38 0.0 1109.26 645.51 0.0 1013.875 705.5799999999999 0.0 919.63 766.23 0.0 1096.16 770.78 0.0 2.0
# lan_2_265.jpg
699 130 289 823 750.39 130.5 0.0 987.65 133.63 0.0 843.665 541.575 0.0 699.93 950.02 0.0 936.94 952.65 0.0 1.0
952 651 188 132 958.63 651.6 0.0 1139.55 656.92 0.0 1043.145 717.175 0.0 952.68 779.0 0.0 1127.66 782.75 0.0 2.0
992 19 188 128 998.33 19.19 0.0 1179.75 19.94 0.0 1085.1 82.855 0.0 992.32 145.02 0.0 1171.87 146.52 0.0 2.0
# lan_2_266.jpg
1000 20 196 136 1010.32 20.06 0.0 1195.12 28.62 0.0 1096.635 87.895 0.0 1000.4 145.36 0.0 1182.95 155.73 0.0 2.0
940 654 194 138 952.3 654.6 0.0 1133.91 668.17 0.0 1037.245 722.905 0.0 940.6 779.7 0.0 1122.19 791.21 0.0 2.0
679 120 320 833 755.93 120.51 0.0 998.84 134.09 0.0 836.17 536.49 0.0 679.86 950.06 0.0 916.41 952.47 0.0 1.0
# lan_2_267.jpg
692 133 317 819 773.82 133.51 0.0 1008.16 142.83 0.0 847.1 542.53 0.0 692.13 945.82 0.0 920.38 951.55 0.0 1.0
947 659 191 135 958.99 659.52 0.0 1137.55 670.38 0.0 1041.2 726.275 0.0 947.81 784.48 0.0 1123.41 793.03 0.0 2.0
1012 27 191 134 1022.46 27.22 0.0 1202.4 34.79 0.0 1106.51 93.75 0.0 1012.05 153.17 0.0 1190.56 160.28 0.0 2.0
# lan_2_27.jpg
819 8 210 148 846.09 8.63 0.0 1028.24 30.99 0.0 924.72 82.03 0.0 819.9 134.4 0.0 1003.35 155.43 0.0 2.0
418 95 405 823 582.2 95.48 0.0 822.0 122.88 0.0 620.45 506.29 0.0 418.1 913.88 0.0 658.7 917.1 0.0 1.0
691 637 210 151 718.78 637.54 0.0 900.57 662.42 0.0 797.19 712.3199999999999 0.0 691.01 763.42 0.0 875.6 787.1 0.0 2.0
# lan_2_270.jpg
695 145 336 808 795.77 145.1 0.0 1030.61 154.1 0.0 860.535 548.74 0.0 695.7 946.16 0.0 925.3 952.38 0.0 1.0
958 662 192 137 972.2 662.5 0.0 1149.91 674.28 0.0 1053.2 730.25 0.0 958.44 787.19 0.0 1134.2 798.0 0.0 2.0
1032 40 198 133 1047.79 40.96 0.0 1229.44 48.81 0.0 1131.25 106.745 0.0 1032.08 164.67 0.0 1214.71 172.53 0.0 2.0
# lan_2_271.jpg
700 147 335 806 802.61 147.2 0.0 1034.34 156.03 0.0 866.385 549.135 0.0 700.4 952.45 0.0 930.16 951.07 0.0 1.0
959 665 191 135 972.51 665.59 0.0 1149.25 676.22 0.0 1053.105 732.6949999999999 0.0 959.42 790.78 0.0 1133.7 799.8 0.0 2.0
1037 42 194 132 1051.88 42.9 0.0 1230.26 49.45 0.0 1133.29 107.95 0.0 1037.97 166.46 0.0 1214.7 173.0 0.0 2.0
# lan_2_272.jpg
700 145 338 810 799.7 145.1 0.0 1037.4 155.06 0.0 865.02 549.995 0.0 700.7 948.1 0.0 930.34 954.89 0.0 1.0
959 664 196 139 975.62 664.69 0.0 1154.0 676.96 0.0 1058.265 733.4200000000001 0.0 959.7 788.9 0.0 1140.91 802.15 0.0 2.0
1038 40 195 136 1052.54 40.37 0.0 1232.55 50.19 0.0 1135.5900000000001 107.875 0.0 1038.62 166.38 0.0 1218.64 175.38 0.0 2.0
# lan_2_273.jpg
962 668 194 134 977.5 668.53 0.0 1155.88 678.35 0.0 1058.915 734.81 0.0 962.77 791.27 0.0 1140.33 801.09 0.0 2.0
705 149 334 804 804.5 149.7 0.0 1038.42 158.24 0.0 869.185 551.16 0.0 705.5 951.2 0.0 933.87 952.62 0.0 1.0
1041 43 194 134 1055.24 43.39 0.0 1234.4 54.8 0.0 1137.0700000000002 110.095 0.0 1041.33 168.59 0.0 1218.9 176.8 0.0 2.0
# lan_2_275.jpg
1063 64 181 127 1070.4 68.12 0.0 1243.6 64.71 0.0 1154.27 127.785 0.0 1063.58 190.17 0.0 1238.14 187.45 0.0 2.0
1019 686 184 129 1026.08 689.3 0.0 1202.0 686.58 0.0 1110.63 749.99 0.0 1019.26 814.09 0.0 1195.18 810.68 0.0 2.0
774 181 288 767 829.36 190.17 0.0 1061.2 181.6 0.0 916.0799999999999 568.885 0.0 774.2 947.6 0.0 1002.8 947.6 0.0 1.0
# lan_2_276.jpg
1028 723 189 123 1037.89 723.18 0.0 1216.99 723.18 0.0 1122.725 783.8599999999999 0.0 1028.47 845.72 0.0 1207.56 844.54 0.0 2.0
779 221 299 739 842.7 226.7 0.0 1077.3 221.2 0.0 928.1500000000001 592.95 0.0 779.3 956.5 0.0 1013.6 959.2 0.0 1.0
1083 106 188 123 1093.3 108.1 0.0 1270.01 106.94 0.0 1178.12 166.435 0.0 1083.8 228.3 0.0 1262.94 224.77 0.0 2.0
# lan_2_278.jpg
783 194 281 765 830.8 205.7 0.0 1063.2 194.8 0.0 921.15 582.15 0.0 783.95 951.75 0.0 1011.5 958.6 0.0 1.0
1027 696 187 130 1033.73 701.79 0.0 1213.47 696.2 0.0 1119.085 761.77 0.0 1027.71 825.62 0.0 1204.44 821.75 0.0 2.0
1067 74 181 130 1073.87 80.61 0.0 1247.75 74.42 0.0 1159.005 138.66 0.0 1067.7 203.4 0.0 1244.14 196.71 0.0 2.0
# lan_2_28.jpg
887 6 209 149 912.94 6.03 0.0 1095.09 28.39 0.0 992.22 80.065 0.0 887.5 132.0 0.0 1071.5 154.1 0.0 2.0
485 93 405 824 651.0 93.2 0.0 889.4 121.6 0.0 689.4 505.05 0.0 485.2 912.3 0.0 727.8 916.9 0.0 1.0
759 637 210 150 786.96 637.14 0.0 968.74 662.02 0.0 865.48 711.77 0.0 759.18 763.02 0.0 944.0 786.4 0.0 2.0
# lan_2_280.jpg
1080 76 186 136 1084.33 91.79 0.0 1265.47 76.69 0.0 1173.1999999999998 145.35 0.0 1080.92 211.57 0.0 1262.07 198.91 0.0 2.0
805 202 270 757 838.77 220.92 0.0 1074.7 202.8 0.0 937.235 588.66 0.0 805.42 958.06 0.0 1035.7 956.4 0.0 1.0
1054 681 184 132 1056.95 693.2 0.0 1237.93 681.43 0.0 1145.815 747.575 0.0 1054.11 812.5 0.0 1234.68 801.95 0.0 2.0
# lan_2_281.jpg
808 184 267 774 847.58 210.55 0.0 1074.49 184.74 0.0 937.5899999999999 583.825 0.0 808.47 953.1 0.0 1027.6 957.1 0.0 1.0
1078 55 180 137 1082.48 75.62 0.0 1257.78 55.65 0.0 1167.21 125.53 0.0 1078.6 191.5 0.0 1251.94 175.44 0.0 2.0
1047 663 177 136 1050.33 677.78 0.0 1223.2 663.98 0.0 1133.925 730.53 0.0 1047.0 798.5 0.0 1217.52 783.28 0.0 2.0
# lan_2_282.jpg
814 177 269 784 859.6 205.0 0.0 1082.92 177.72 0.0 945.655 582.46 0.0 814.1 960.2 0.0 1031.71 959.92 0.0 1.0
1052 652 178 137 1058.96 667.16 0.0 1229.88 652.07 0.0 1141.74 719.02 0.0 1052.14 788.41 0.0 1224.52 770.88 0.0 2.0
1087 48 180 140 1093.19 66.03 0.0 1266.06 48.01 0.0 1176.9450000000002 117.155 0.0 1087.84 187.28 0.0 1260.7 168.28 0.0 2.0
# lan_2_284.jpg
970 629 191 133 987.39 629.06 0.0 1160.92 638.52 0.0 1064.24 695.0899999999999 0.0 970.26 752.11 0.0 1141.09 761.12 0.0 2.0
709 120 357 838 843.47 120.16 0.0 1065.2 126.3 0.0 886.78 538.665 0.0 709.38 952.66 0.0 930.09 957.17 0.0 1.0
1069 15 190 127 1088.45 15.79 0.0 1258.82 19.4 0.0 1164.845 78.67 0.0 1069.51 135.69 0.0 1241.24 141.55 0.0 2.0
# lan_2_286.jpg
974 688 180 128 981.84 691.98 0.0 1153.48 688.33 0.0 1064.6200000000001 750.615 0.0 974.13 815.75 0.0 1147.4 809.25 0.0 2.0
735 184 282 778 790.2 196.6 0.0 1016.09 184.76 0.0 875.925 578.735 0.0 735.62 961.58 0.0 961.65 960.87 0.0 1.0
1018 62 183 133 1025.86 71.45 0.0 1200.35 62.11 0.0 1109.455 127.85499999999999 0.0 1018.97 194.0 0.0 1193.05 184.26 0.0 2.0
# lan_2_287.jpg
1003 108 206 142 1021.24 108.7 0.0 1208.3 127.0 0.0 1104.425 178.9 0.0 1003.38 230.03 0.0 1187.61 249.1 0.0 2.0
903 729 205 146 921.01 729.56 0.0 1107.27 750.25 0.0 1004.195 802.1949999999999 0.0 903.15 854.13 0.0 1087.38 874.83 0.0 2.0
634 195 369 766 757.39 195.21 0.0 1002.08 219.97 0.0 818.485 577.75 0.0 634.07 956.15 0.0 879.58 960.29 0.0 1.0
# lan_2_288.jpg
730 246 291 716 788.97 249.8 0.0 1020.1 246.2 0.0 874.515 605.515 0.0 730.0 961.4 0.0 960.06 961.23 0.0 1.0
972 758 188 126 982.85 758.66 0.0 1159.96 762.31 0.0 1067.235 820.87 0.0 972.42 882.82 0.0 1151.62 883.08 0.0 2.0
1027 135 190 123 1035.96 135.93 0.0 1216.72 136.97 0.0 1120.865 196.57500000000002 0.0 1027.35 256.96 0.0 1205.77 257.22 0.0 2.0
# lan_2_29.jpg
888 7 209 148 914.54 7.52 0.0 1096.7 29.9 0.0 993.17 80.92 0.0 888.3 132.8 0.0 1071.8 154.32 0.0 2.0
486 94 405 823 650.82 94.05 0.0 890.62 121.45 0.0 689.06 505.025 0.0 486.72 912.45 0.0 727.3 916.0 0.0 1.0
759 637 211 150 787.74 637.91 0.0 969.52 662.8 0.0 865.72 712.3050000000001 0.0 759.96 763.79 0.0 943.7 786.7 0.0 2.0
# lan_2_290.jpg
965 778 190 129 973.52 778.05 0.0 1154.5 783.32 0.0 1058.935 842.165 0.0 965.0 901.41 0.0 1144.35 906.28 0.0 2.0
1022 153 192 129 1032.07 153.66 0.0 1213.87 155.69 0.0 1117.2849999999999 217.77499999999998 0.0 1022.74 278.64 0.0 1202.5 281.89 0.0 2.0
718 264 301 693 782.77 264.58 0.0 1018.1 267.9 0.0 868.485 610.49 0.0 718.4 955.1 0.0 954.2 956.4 0.0 1.0
# lan_2_40.jpg
1484 1 210 149 1511.29 1.64 0.0 1693.43 24.0 0.0 1589.895 75.41999999999999 0.0 1484.3 126.9 0.0 1668.5 149.2 0.0 2.0
1080 89 406 822 1245.3 89.4 0.0 1485.6 116.8 0.0 1283.1999999999998 500.05 0.0 1080.66 907.85 0.0 1321.1 910.7 0.0 1.0
1354 633 210 150 1381.77 633.04 0.0 1563.55 657.92 0.0 1460.585 707.92 0.0 1354.6 759.2 0.0 1539.4 782.8 0.0 2.0
# lan_2_562.jpg
1314 711 153 112 1316.38 711.5 0.0 1466.96 712.92 0.0 1391.67 766.905 0.0 1314.96 822.31 0.0 1466.96 822.31 0.0 2.0
1107 257 221 645 1121.9 257.7 0.0 1327.5 259.0 0.0 1217.35 579.35 0.0 1107.4 901.5 0.0 1312.8 901.0 0.0 1.0
1328 157 157 112 1330.06 157.92 0.0 1484.84 157.92 0.0 1405.08 213.15999999999997 0.0 1328.69 268.38 0.0 1480.1 268.4 0.0 2.0
# lan_2_563.jpg
1328 157 157 112 1330.06 157.92 0.0 1484.84 157.92 0.0 1405.08 213.15999999999997 0.0 1328.69 268.38 0.0 1480.1 268.4 0.0 2.0
1107 259 221 643 1122.7 259.1 0.0 1327.2 260.1 0.0 1217.5 579.5 0.0 1107.4 901.5 0.0 1312.3 899.9 0.0 1.0
1314 711 153 112 1317.2 711.5 0.0 1466.96 712.92 0.0 1392.08 766.905 0.0 1314.96 822.31 0.0 1466.96 822.31 0.0 2.0
# lan_2_564.jpg
1314 711 153 112 1316.38 711.5 0.0 1466.96 712.92 0.0 1391.67 766.905 0.0 1314.96 822.31 0.0 1466.96 822.31 0.0 2.0
1107 257 221 645 1121.9 257.7 0.0 1327.5 259.0 0.0 1217.35 579.35 0.0 1107.4 901.5 0.0 1312.8 901.0 0.0 1.0
1328 157 157 112 1330.06 157.92 0.0 1484.84 157.92 0.0 1405.08 213.15999999999997 0.0 1328.69 268.38 0.0 1480.1 268.4 0.0 2.0
# lan_2_565.jpg
1314 710 153 113 1317.8 710.9 0.0 1466.96 712.92 0.0 1392.38 766.605 0.0 1314.96 822.31 0.0 1466.96 822.31 0.0 2.0
1107 258 222 644 1124.2 258.3 0.0 1328.1 260.1 0.0 1218.5 579.65 0.0 1107.4 901.5 0.0 1312.8 901.0 0.0 1.0
1328 157 157 112 1330.06 157.92 0.0 1484.84 157.92 0.0 1405.08 213.15999999999997 0.0 1328.69 268.38 0.0 1480.1 268.4 0.0 2.0
# lan_2_566.jpg
1314 710 153 113 1317.5 710.9 0.0 1466.96 712.92 0.0 1392.23 766.605 0.0 1314.96 822.31 0.0 1466.96 822.31 0.0 2.0
1107 257 221 645 1121.9 257.7 0.0 1327.5 259.0 0.0 1217.35 579.35 0.0 1107.4 901.5 0.0 1312.8 901.0 0.0 1.0
1328 157 157 112 1330.06 157.92 0.0 1484.84 157.92 0.0 1405.08 213.15999999999997 0.0 1328.69 268.38 0.0 1480.1 268.4 0.0 2.0
# lan_2_567.jpg
1107 257 221 645 1121.9 257.7 0.0 1327.5 259.0 0.0 1217.35 579.35 0.0 1107.4 901.5 0.0 1312.8 901.0 0.0 1.0
1314 711 153 112 1316.38 711.5 0.0 1466.96 712.92 0.0 1391.67 766.905 0.0 1314.96 822.31 0.0 1466.96 822.31 0.0 2.0
1328 157 157 112 1330.06 157.92 0.0 1484.84 157.92 0.0 1405.08 213.15999999999997 0.0 1328.69 268.38 0.0 1480.1 268.4 0.0 2.0
# lan_2_568.jpg
1107 257 221 645 1121.9 257.7 0.0 1327.5 259.0 0.0 1217.35 579.35 0.0 1107.4 901.5 0.0 1312.8 901.0 0.0 1.0
1328 157 157 112 1330.06 157.92 0.0 1484.84 157.92 0.0 1405.08 213.15999999999997 0.0 1328.69 268.38 0.0 1480.1 268.4 0.0 2.0
1314 711 153 112 1316.38 711.5 0.0 1466.96 712.92 0.0 1391.67 766.905 0.0 1314.96 822.31 0.0 1466.96 822.31 0.0 2.0
# lan_2_570.jpg
1316 711 151 112 1318.84 711.18 0.0 1466.58 711.18 0.0 1391.29 766.865 0.0 1316.0 820.85 0.0 1463.74 822.55 0.0 2.0
1108 258 220 643 1123.3 258.7 0.0 1327.72 261.62 0.0 1217.9 579.55 0.0 1108.3 897.6 0.0 1312.5 900.4 0.0 1.0
1329 158 154 112 1332.76 158.98 0.0 1482.77 160.11 0.0 1406.915 214.38 0.0 1329.92 269.78 0.0 1481.07 269.78 0.0 2.0
# lan_2_571.jpg
1329 158 154 112 1332.76 158.98 0.0 1482.77 160.11 0.0 1406.915 214.38 0.0 1329.92 269.78 0.0 1481.07 269.78 0.0 2.0
1316 711 151 112 1318.84 711.18 0.0 1466.58 711.18 0.0 1391.29 766.865 0.0 1316.0 820.85 0.0 1463.74 822.55 0.0 2.0
1108 258 220 643 1123.3 258.7 0.0 1327.72 261.62 0.0 1217.9 579.55 0.0 1108.3 897.6 0.0 1312.5 900.4 0.0 1.0
# lan_2_572.jpg
1108 258 220 643 1123.3 258.7 0.0 1327.72 261.62 0.0 1217.9 579.55 0.0 1108.3 897.6 0.0 1312.5 900.4 0.0 1.0
1329 158 154 112 1332.76 158.98 0.0 1482.77 160.11 0.0 1406.915 214.38 0.0 1329.92 269.78 0.0 1481.07 269.78 0.0 2.0
1316 711 151 112 1318.84 711.18 0.0 1466.58 711.18 0.0 1391.29 766.865 0.0 1316.0 820.85 0.0 1463.74 822.55 0.0 2.0
# lan_2_574.jpg
1108 258 220 643 1123.3 258.7 0.0 1327.72 261.62 0.0 1217.9 579.55 0.0 1108.3 897.6 0.0 1312.5 900.4 0.0 1.0
1316 711 151 112 1318.84 711.18 0.0 1466.58 711.18 0.0 1391.29 766.865 0.0 1316.0 820.85 0.0 1463.74 822.55 0.0 2.0
1329 158 154 112 1332.76 158.98 0.0 1482.77 160.11 0.0 1406.915 214.38 0.0 1329.92 269.78 0.0 1481.07 269.78 0.0 2.0
# lan_2_576.jpg
1329 158 154 112 1332.76 158.98 0.0 1482.77 160.11 0.0 1406.915 214.38 0.0 1329.92 269.78 0.0 1481.07 269.78 0.0 2.0
1316 711 151 112 1318.84 711.18 0.0 1466.58 711.18 0.0 1391.29 766.865 0.0 1316.0 820.85 0.0 1463.74 822.55 0.0 2.0
1108 258 220 643 1123.3 258.7 0.0 1327.72 261.62 0.0 1217.9 579.55 0.0 1108.3 897.6 0.0 1312.5 900.4 0.0 1.0
# lan_2_577.jpg
1329 158 154 112 1332.76 158.98 0.0 1482.77 160.11 0.0 1406.915 214.38 0.0 1329.92 269.78 0.0 1481.07 269.78 0.0 2.0
1316 711 151 112 1318.84 711.18 0.0 1466.58 711.18 0.0 1391.29 766.865 0.0 1316.0 820.85 0.0 1463.74 822.55 0.0 2.0
1108 258 220 643 1123.3 258.7 0.0 1327.72 261.62 0.0 1217.9 579.55 0.0 1108.3 897.6 0.0 1312.5 900.4 0.0 1.0
# lan_2_578.jpg
1108 258 220 643 1123.3 258.7 0.0 1327.72 261.62 0.0 1217.9 579.55 0.0 1108.3 897.6 0.0 1312.5 900.4 0.0 1.0
1316 711 151 112 1318.84 711.18 0.0 1466.58 711.18 0.0 1391.29 766.865 0.0 1316.0 820.85 0.0 1463.74 822.55 0.0 2.0
1329 158 154 112 1332.76 158.98 0.0 1482.77 160.11 0.0 1406.915 214.38 0.0 1329.92 269.78 0.0 1481.07 269.78 0.0 2.0
# lan_2_580.jpg
1328 158 154 112 1329.9 158.5 0.0 1481.59 159.67 0.0 1405.35 214.15 0.0 1328.9 268.7 0.0 1480.8 269.8 0.0 2.0
1314 710 152 112 1317.61 710.51 0.0 1465.88 712.47 0.0 1390.605 765.755 0.0 1314.67 820.48 0.0 1463.6 821.0 0.0 2.0
1107 258 222 645 1122.7 258.2 0.0 1328.15 260.49 0.0 1216.95 580.2 0.0 1107.6 895.8 0.0 1311.2 902.2 0.0 1.0
# lan_2_581.jpg
1107 258 222 645 1122.7 258.2 0.0 1328.15 260.49 0.0 1216.95 580.2 0.0 1107.6 895.8 0.0 1311.2 902.2 0.0 1.0
1314 710 152 112 1317.61 710.51 0.0 1465.88 712.47 0.0 1390.605 765.755 0.0 1314.67 820.48 0.0 1463.6 821.0 0.0 2.0
1328 158 154 112 1329.9 158.5 0.0 1481.59 159.67 0.0 1405.35 214.15 0.0 1328.9 268.7 0.0 1480.8 269.8 0.0 2.0
# lan_2_582.jpg
1328 158 154 112 1329.9 158.5 0.0 1481.59 159.67 0.0 1405.35 214.15 0.0 1328.9 268.7 0.0 1480.8 269.8 0.0 2.0
1314 710 152 112 1317.61 710.51 0.0 1465.88 712.47 0.0 1390.605 765.755 0.0 1314.67 820.48 0.0 1463.6 821.0 0.0 2.0
1107 258 222 645 1122.7 258.2 0.0 1328.15 260.49 0.0 1216.95 580.2 0.0 1107.6 895.8 0.0 1311.2 902.2 0.0 1.0
# lan_2_583.jpg
1328 158 154 112 1329.9 158.5 0.0 1481.59 159.67 0.0 1405.35 214.15 0.0 1328.9 268.7 0.0 1480.8 269.8 0.0 2.0
1314 710 152 112 1317.61 710.51 0.0 1465.88 712.47 0.0 1390.605 765.755 0.0 1314.67 820.48 0.0 1463.6 821.0 0.0 2.0
1107 258 222 645 1122.7 258.2 0.0 1328.15 260.49 0.0 1216.95 580.2 0.0 1107.6 895.8 0.0 1311.2 902.2 0.0 1.0
# lan_2_585.jpg
1328 158 154 112 1329.9 158.5 0.0 1481.59 159.67 0.0 1405.35 214.15 0.0 1328.9 268.7 0.0 1480.8 269.8 0.0 2.0
1314 710 152 112 1317.61 710.51 0.0 1465.88 712.47 0.0 1390.605 765.755 0.0 1314.67 820.48 0.0 1463.6 821.0 0.0 2.0
1107 258 222 645 1122.7 258.2 0.0 1328.15 260.49 0.0 1216.95 580.2 0.0 1107.6 895.8 0.0 1311.2 902.2 0.0 1.0
# lan_2_586.jpg
1328 158 154 112 1329.9 158.5 0.0 1481.59 159.67 0.0 1405.35 214.15 0.0 1328.9 268.7 0.0 1480.8 269.8 0.0 2.0
1314 710 152 112 1317.61 710.51 0.0 1465.88 712.47 0.0 1390.605 765.755 0.0 1314.67 820.48 0.0 1463.6 821.0 0.0 2.0
1107 258 222 645 1122.7 258.2 0.0 1328.15 260.49 0.0 1216.95 580.2 0.0 1107.6 895.8 0.0 1311.2 902.2 0.0 1.0
# lan_2_587.jpg
1328 158 154 112 1329.9 158.5 0.0 1481.59 159.67 0.0 1405.35 214.15 0.0 1328.9 268.7 0.0 1480.8 269.8 0.0 2.0
1314 710 152 112 1317.61 710.51 0.0 1465.88 712.47 0.0 1390.605 765.755 0.0 1314.67 820.48 0.0 1463.6 821.0 0.0 2.0
1107 258 222 645 1122.7 258.2 0.0 1328.15 260.49 0.0 1216.95 580.2 0.0 1107.6 895.8 0.0 1311.2 902.2 0.0 1.0
# lan_2_589.jpg
1328 158 154 112 1329.9 158.5 0.0 1481.59 159.67 0.0 1405.35 214.15 0.0 1328.9 268.7 0.0 1480.8 269.8 0.0 2.0
1314 710 152 112 1317.61 710.51 0.0 1465.88 712.47 0.0 1390.605 765.755 0.0 1314.67 820.48 0.0 1463.6 821.0 0.0 2.0
1107 258 222 645 1122.7 258.2 0.0 1328.15 260.49 0.0 1216.95 580.2 0.0 1107.6 895.8 0.0 1311.2 902.2 0.0 1.0
# lan_2_593.jpg
1061 158 154 112 1064.16 158.86 0.0 1214.74 158.86 0.0 1138.315 213.98000000000002 0.0 1061.32 267.96 0.0 1212.47 269.1 0.0 2.0
1047 715 153 110 1048.25 715.73 0.0 1199.97 716.29 0.0 1122.975 770.265 0.0 1047.7 822.6 0.0 1197.7 824.8 0.0 2.0
838 258 223 647 853.6 258.4 0.0 1060.63 260.35 0.0 949.1500000000001 581.5 0.0 838.4 902.3 0.0 1044.7 904.6 0.0 1.0
# lan_2_594.jpg
1047 715 153 110 1048.25 715.73 0.0 1199.97 716.29 0.0 1122.975 770.265 0.0 1047.7 822.6 0.0 1197.7 824.8 0.0 2.0
1061 158 154 112 1064.16 158.86 0.0 1214.74 158.86 0.0 1138.315 213.98000000000002 0.0 1061.32 267.96 0.0 1212.47 269.1 0.0 2.0
838 258 223 647 853.6 258.4 0.0 1060.63 260.35 0.0 949.1500000000001 581.5 0.0 838.4 902.3 0.0 1044.7 904.6 0.0 1.0
# lan_2_595.jpg
1061 158 154 112 1064.16 158.86 0.0 1214.74 158.86 0.0 1138.315 213.98000000000002 0.0 1061.32 267.96 0.0 1212.47 269.1 0.0 2.0
1047 715 153 110 1048.25 715.73 0.0 1199.97 716.29 0.0 1122.975 770.265 0.0 1047.7 822.6 0.0 1197.7 824.8 0.0 2.0
838 258 223 647 853.6 258.4 0.0 1060.63 260.35 0.0 949.1500000000001 581.5 0.0 838.4 902.3 0.0 1044.7 904.6 0.0 1.0
# lan_2_598.jpg
838 258 223 647 853.6 258.4 0.0 1060.63 260.35 0.0 949.1500000000001 581.5 0.0 838.4 902.3 0.0 1044.7 904.6 0.0 1.0
1047 715 153 110 1048.25 715.73 0.0 1199.97 716.29 0.0 1122.975 770.265 0.0 1047.7 822.6 0.0 1197.7 824.8 0.0 2.0
1061 158 154 112 1064.16 158.86 0.0 1214.74 158.86 0.0 1138.315 213.98000000000002 0.0 1061.32 267.96 0.0 1212.47 269.1 0.0 2.0
# lan_2_599.jpg
838 258 223 647 853.6 258.4 0.0 1060.63 260.35 0.0 949.1500000000001 581.5 0.0 838.4 902.3 0.0 1044.7 904.6 0.0 1.0
1047 715 153 110 1048.25 715.73 0.0 1199.97 716.29 0.0 1122.975 770.265 0.0 1047.7 822.6 0.0 1197.7 824.8 0.0 2.0
1061 158 154 112 1064.16 158.86 0.0 1214.74 158.86 0.0 1138.315 213.98000000000002 0.0 1061.32 267.96 0.0 1212.47 269.1 0.0 2.0
# lan_2_600.jpg
838 259 221 647 854.6 259.0 0.0 1058.1 260.7 0.0 948.55 581.7 0.0 838.4 905.3 0.0 1042.5 904.4 0.0 1.0
1048 714 151 111 1049.3 714.0 0.0 1198.22 716.69 0.0 1122.8 769.35 0.0 1048.6 822.7 0.0 1196.3 824.7 0.0 2.0
1061 161 153 108 1064.31 161.23 0.0 1213.7 162.2 0.0 1138.54 214.95999999999998 0.0 1061.48 268.69 0.0 1212.77 268.69 0.0 2.0
# lan_2_601.jpg
838 259 221 647 854.6 259.0 0.0 1058.1 260.7 0.0 948.55 581.7 0.0 838.4 905.3 0.0 1042.5 904.4 0.0 1.0
1048 714 151 111 1049.3 714.0 0.0 1198.22 716.69 0.0 1122.8 769.35 0.0 1048.6 822.7 0.0 1196.3 824.7 0.0 2.0
1061 161 153 108 1064.31 161.23 0.0 1213.7 162.2 0.0 1138.54 214.95999999999998 0.0 1061.48 268.69 0.0 1212.77 268.69 0.0 2.0
# lan_2_603.jpg
838 259 221 647 854.6 259.0 0.0 1058.1 260.7 0.0 948.55 581.7 0.0 838.4 905.3 0.0 1042.5 904.4 0.0 1.0
1048 714 151 111 1049.3 714.0 0.0 1198.22 716.69 0.0 1122.8 769.35 0.0 1048.6 822.7 0.0 1196.3 824.7 0.0 2.0
1061 161 153 108 1064.31 161.23 0.0 1213.7 162.2 0.0 1138.54 214.95999999999998 0.0 1061.48 268.69 0.0 1212.77 268.69 0.0 2.0
# lan_2_605.jpg
838 259 221 647 854.6 259.0 0.0 1058.1 260.7 0.0 948.55 581.7 0.0 838.4 905.3 0.0 1042.5 904.4 0.0 1.0
1061 161 153 108 1064.31 161.23 0.0 1213.7 162.2 0.0 1138.54 214.95999999999998 0.0 1061.48 268.69 0.0 1212.77 268.69 0.0 2.0
1048 714 151 111 1049.3 714.0 0.0 1198.22 716.69 0.0 1122.8 769.35 0.0 1048.6 822.7 0.0 1196.3 824.7 0.0 2.0
# lan_2_606.jpg
1048 714 151 111 1049.3 714.0 0.0 1198.22 716.69 0.0 1122.8 769.35 0.0 1048.6 822.7 0.0 1196.3 824.7 0.0 2.0
838 259 221 647 854.6 259.0 0.0 1058.1 260.7 0.0 948.55 581.7 0.0 838.4 905.3 0.0 1042.5 904.4 0.0 1.0
1061 161 153 108 1064.31 161.23 0.0 1213.7 162.2 0.0 1138.54 214.95999999999998 0.0 1061.48 268.69 0.0 1212.77 268.69 0.0 2.0
# lan_2_608.jpg
1061 161 153 108 1064.31 161.23 0.0 1213.7 162.2 0.0 1138.54 214.95999999999998 0.0 1061.48 268.69 0.0 1212.77 268.69 0.0 2.0
1048 714 151 111 1049.3 714.0 0.0 1198.22 716.69 0.0 1122.8 769.35 0.0 1048.6 822.7 0.0 1196.3 824.7 0.0 2.0
838 259 221 647 854.6 259.0 0.0 1058.1 260.7 0.0 948.55 581.7 0.0 838.4 905.3 0.0 1042.5 904.4 0.0 1.0
# lan_2_610.jpg
1064 160 147 109 1065.94 160.2 0.0 1210.86 161.38 0.0 1138.42 214.4 0.0 1064.76 266.24 0.0 1210.9 268.6 0.0 2.0
1048 713 149 115 1050.4 713.9 0.0 1196.96 715.83 0.0 1122.8600000000001 770.505 0.0 1048.03 825.47 0.0 1195.32 827.11 0.0 2.0
837 258 223 650 854.0 258.0 0.0 1059.6 262.9 0.0 949.2 582.75 0.0 837.1 904.7 0.0 1044.4 907.5 0.0 1.0
# lan_2_611.jpg
837 258 223 650 854.0 258.0 0.0 1059.6 262.9 0.0 949.2 582.75 0.0 837.1 904.7 0.0 1044.4 907.5 0.0 1.0
1048 713 149 115 1050.4 713.9 0.0 1196.96 715.83 0.0 1122.8600000000001 770.505 0.0 1048.03 825.47 0.0 1195.32 827.11 0.0 2.0
1064 160 147 109 1065.94 160.2 0.0 1210.86 161.38 0.0 1138.42 214.4 0.0 1064.76 266.24 0.0 1210.9 268.6 0.0 2.0
# lan_2_613.jpg
837 258 223 650 854.0 258.0 0.0 1059.6 262.9 0.0 949.2 582.75 0.0 837.1 904.7 0.0 1044.4 907.5 0.0 1.0
1048 713 149 115 1050.4 713.9 0.0 1196.96 715.83 0.0 1122.8600000000001 770.505 0.0 1048.03 825.47 0.0 1195.32 827.11 0.0 2.0
1064 160 147 109 1065.94 160.2 0.0 1210.86 161.38 0.0 1138.42 214.4 0.0 1064.76 266.24 0.0 1210.9 268.6 0.0 2.0
# lan_2_614.jpg
1064 160 147 109 1065.94 160.2 0.0 1210.86 161.38 0.0 1138.42 214.4 0.0 1064.76 266.24 0.0 1210.9 268.6 0.0 2.0
1048 713 149 115 1050.4 713.9 0.0 1196.96 715.83 0.0 1122.8600000000001 770.505 0.0 1048.03 825.47 0.0 1195.32 827.11 0.0 2.0
837 258 223 650 854.0 258.0 0.0 1059.6 262.9 0.0 949.2 582.75 0.0 837.1 904.7 0.0 1044.4 907.5 0.0 1.0
# lan_2_615.jpg
837 258 223 650 854.0 258.0 0.0 1059.6 262.9 0.0 949.2 582.75 0.0 837.1 904.7 0.0 1044.4 907.5 0.0 1.0
1048 713 149 115 1050.4 713.9 0.0 1196.96 715.83 0.0 1122.8600000000001 770.505 0.0 1048.03 825.47 0.0 1195.32 827.11 0.0 2.0
1064 160 147 109 1065.94 160.2 0.0 1210.86 161.38 0.0 1138.42 214.4 0.0 1064.76 266.24 0.0 1210.9 268.6 0.0 2.0
# lan_2_616.jpg
1064 160 147 109 1065.94 160.2 0.0 1210.86 161.38 0.0 1138.42 214.4 0.0 1064.76 266.24 0.0 1210.9 268.6 0.0 2.0
1048 713 149 115 1050.4 713.9 0.0 1196.96 715.83 0.0 1122.8600000000001 770.505 0.0 1048.03 825.47 0.0 1195.32 827.11 0.0 2.0
837 258 223 650 854.0 258.0 0.0 1059.6 262.9 0.0 949.2 582.75 0.0 837.1 904.7 0.0 1044.4 907.5 0.0 1.0
# lan_2_617.jpg
837 258 223 650 854.0 258.0 0.0 1059.6 262.9 0.0 949.2 582.75 0.0 837.1 904.7 0.0 1044.4 907.5 0.0 1.0
1048 713 149 115 1050.4 713.9 0.0 1196.96 715.83 0.0 1122.8600000000001 770.505 0.0 1048.03 825.47 0.0 1195.32 827.11 0.0 2.0
1064 160 147 109 1065.94 160.2 0.0 1210.86 161.38 0.0 1138.42 214.4 0.0 1064.76 266.24 0.0 1210.9 268.6 0.0 2.0
# lan_2_618.jpg
1064 160 147 109 1065.94 160.2 0.0 1210.86 161.38 0.0 1138.42 214.4 0.0 1064.76 266.24 0.0 1210.9 268.6 0.0 2.0
1048 713 149 115 1050.4 713.9 0.0 1196.96 715.83 0.0 1122.8600000000001 770.505 0.0 1048.03 825.47 0.0 1195.32 827.11 0.0 2.0
837 258 223 650 854.0 258.0 0.0 1059.6 262.9 0.0 949.2 582.75 0.0 837.1 904.7 0.0 1044.4 907.5 0.0 1.0
# lan_2_619.jpg
1064 160 147 109 1065.94 160.2 0.0 1210.86 161.38 0.0 1138.42 214.4 0.0 1064.76 266.24 0.0 1210.9 268.6 0.0 2.0
1048 713 149 115 1050.4 713.9 0.0 1196.96 715.83 0.0 1122.8600000000001 770.505 0.0 1048.03 825.47 0.0 1195.32 827.11 0.0 2.0
837 258 223 650 854.0 258.0 0.0 1059.6 262.9 0.0 949.2 582.75 0.0 837.1 904.7 0.0 1044.4 907.5 0.0 1.0
# lan_2_620.jpg
1061 158 156 112 1064.16 158.41 0.0 1216.45 158.98 0.0 1138.58 213.805 0.0 1061.9 269.2 0.0 1213.0 269.2 0.0 2.0
1048 714 153 112 1049.96 714.7 0.0 1200.54 715.84 0.0 1123.825 770.105 0.0 1048.8 824.9 0.0 1197.69 825.51 0.0 2.0
839 258 222 648 853.26 258.7 0.0 1060.63 261.06 0.0 949.03 582.0 0.0 839.4 901.0 0.0 1044.8 905.3 0.0 1.0
# lan_2_621.jpg
839 258 222 648 853.26 258.7 0.0 1060.63 261.06 0.0 949.03 582.0 0.0 839.4 901.0 0.0 1044.8 905.3 0.0 1.0
1048 714 153 112 1049.96 714.7 0.0 1200.54 715.84 0.0 1123.825 770.105 0.0 1048.8 824.9 0.0 1197.69 825.51 0.0 2.0
1061 158 156 112 1064.16 158.41 0.0 1216.45 158.98 0.0 1138.58 213.805 0.0 1061.9 269.2 0.0 1213.0 269.2 0.0 2.0
# lan_2_623.jpg
1061 158 156 112 1064.16 158.41 0.0 1216.45 158.98 0.0 1138.58 213.805 0.0 1061.9 269.2 0.0 1213.0 269.2 0.0 2.0
1048 714 153 112 1049.96 714.7 0.0 1200.54 715.84 0.0 1123.825 770.105 0.0 1048.8 824.9 0.0 1197.69 825.51 0.0 2.0
839 258 222 648 853.26 258.7 0.0 1060.63 261.06 0.0 949.03 582.0 0.0 839.4 901.0 0.0 1044.8 905.3 0.0 1.0
# lan_2_624.jpg
1061 158 156 112 1064.16 158.41 0.0 1216.45 158.98 0.0 1138.58 213.805 0.0 1061.9 269.2 0.0 1213.0 269.2 0.0 2.0
1048 714 153 112 1049.96 714.7 0.0 1200.54 715.84 0.0 1123.825 770.105 0.0 1048.8 824.9 0.0 1197.69 825.51 0.0 2.0
839 258 222 648 853.26 258.7 0.0 1060.63 261.06 0.0 949.03 582.0 0.0 839.4 901.0 0.0 1044.8 905.3 0.0 1.0
# lan_2_626.jpg
1061 158 156 112 1064.16 158.41 0.0 1216.45 158.98 0.0 1138.58 213.805 0.0 1061.9 269.2 0.0 1213.0 269.2 0.0 2.0
1048 714 153 112 1049.96 714.7 0.0 1200.54 715.84 0.0 1123.825 770.105 0.0 1048.8 824.9 0.0 1197.69 825.51 0.0 2.0
839 258 222 648 853.26 258.7 0.0 1060.63 261.06 0.0 949.03 582.0 0.0 839.4 901.0 0.0 1044.8 905.3 0.0 1.0
# lan_2_627.jpg
1061 158 156 112 1064.16 158.41 0.0 1216.45 158.98 0.0 1138.58 213.805 0.0 1061.9 269.2 0.0 1213.0 269.2 0.0 2.0
1048 714 153 112 1049.96 714.7 0.0 1200.54 715.84 0.0 1123.825 770.105 0.0 1048.8 824.9 0.0 1197.69 825.51 0.0 2.0
839 258 222 648 853.26 258.7 0.0 1060.63 261.06 0.0 949.03 582.0 0.0 839.4 901.0 0.0 1044.8 905.3 0.0 1.0
# lan_2_628.jpg
1061 158 156 112 1064.16 158.41 0.0 1216.45 158.98 0.0 1138.58 213.805 0.0 1061.9 269.2 0.0 1213.0 269.2 0.0 2.0
1048 714 153 112 1049.96 714.7 0.0 1200.54 715.84 0.0 1123.825 770.105 0.0 1048.8 824.9 0.0 1197.69 825.51 0.0 2.0
839 258 222 648 853.26 258.7 0.0 1060.63 261.06 0.0 949.03 582.0 0.0 839.4 901.0 0.0 1044.8 905.3 0.0 1.0
# lan_2_629.jpg
1048 714 153 112 1049.96 714.7 0.0 1200.54 715.84 0.0 1123.825 770.105 0.0 1048.8 824.9 0.0 1197.69 825.51 0.0 2.0
839 258 222 648 853.26 258.7 0.0 1060.63 261.06 0.0 949.03 582.0 0.0 839.4 901.0 0.0 1044.8 905.3 0.0 1.0
1061 158 156 112 1064.16 158.41 0.0 1216.45 158.98 0.0 1138.58 213.805 0.0 1061.9 269.2 0.0 1213.0 269.2 0.0 2.0
# lan_2_630.jpg
1062 157 152 113 1064.26 157.17 0.0 1213.59 159.22 0.0 1138.58 213.08499999999998 0.0 1062.2 268.3 0.0 1212.9 269.0 0.0 2.0
1047 714 153 112 1049.06 714.6 0.0 1199.75 715.28 0.0 1122.6999999999998 769.8299999999999 0.0 1047.01 824.38 0.0 1196.34 825.06 0.0 2.0
837 258 224 648 853.5 258.0 0.0 1060.3 261.1 0.0 948.9 581.75 0.0 837.9 904.3 0.0 1044.3 905.5 0.0 1.0
# lan_2_632.jpg
1062 157 152 113 1064.26 157.17 0.0 1213.59 159.22 0.0 1138.58 213.08499999999998 0.0 1062.2 268.3 0.0 1212.9 269.0 0.0 2.0
1047 714 153 112 1049.06 714.6 0.0 1199.75 715.28 0.0 1122.6999999999998 769.8299999999999 0.0 1047.01 824.38 0.0 1196.34 825.06 0.0 2.0
837 258 224 648 853.5 258.0 0.0 1060.3 261.1 0.0 948.9 581.75 0.0 837.9 904.3 0.0 1044.3 905.5 0.0 1.0
# lan_2_640.jpg
880 241 156 449 892.4 241.5 0.0 1035.32 244.01 0.0 958.3 465.55 0.0 880.7 688.5 0.0 1024.2 689.6 0.0 1.0
1026 558 103 75 1027.2 558.5 0.0 1128.59 559.6 0.0 1077.6 595.65 0.0 1026.7 632.5 0.0 1128.0 632.8 0.0 2.0
1038 172 106 77 1039.0 172.3 0.0 1143.2 173.99 0.0 1089.7 210.45 0.0 1038.3 248.3 0.0 1140.4 248.6 0.0 2.0
# lan_2_641.jpg
1038 172 106 77 1039.0 172.3 0.0 1143.2 173.99 0.0 1089.7 210.45 0.0 1038.3 248.3 0.0 1140.4 248.6 0.0 2.0
1026 558 103 75 1027.2 558.5 0.0 1128.59 559.6 0.0 1077.6 595.65 0.0 1026.7 632.5 0.0 1128.0 632.8 0.0 2.0
880 241 156 449 892.4 241.5 0.0 1035.32 244.01 0.0 958.3 465.55 0.0 880.7 688.5 0.0 1024.2 689.6 0.0 1.0
# lan_2_642.jpg
1038 172 106 77 1039.0 172.3 0.0 1143.2 173.99 0.0 1089.7 210.45 0.0 1038.3 248.3 0.0 1140.4 248.6 0.0 2.0
1026 558 103 75 1027.2 558.5 0.0 1128.59 559.6 0.0 1077.6 595.65 0.0 1026.7 632.5 0.0 1128.0 632.8 0.0 2.0
880 241 156 449 892.4 241.5 0.0 1035.32 244.01 0.0 958.3 465.55 0.0 880.7 688.5 0.0 1024.2 689.6 0.0 1.0
# lan_2_643.jpg
1038 172 106 77 1039.0 172.3 0.0 1143.2 173.99 0.0 1089.7 210.45 0.0 1038.3 248.3 0.0 1140.4 248.6 0.0 2.0
1026 558 103 75 1027.2 558.5 0.0 1128.59 559.6 0.0 1077.6 595.65 0.0 1026.7 632.5 0.0 1128.0 632.8 0.0 2.0
880 241 156 449 892.4 241.5 0.0 1035.32 244.01 0.0 958.3 465.55 0.0 880.7 688.5 0.0 1024.2 689.6 0.0 1.0
# lan_2_644.jpg
880 241 156 449 892.4 241.5 0.0 1035.32 244.01 0.0 958.3 465.55 0.0 880.7 688.5 0.0 1024.2 689.6 0.0 1.0
1026 558 103 75 1027.2 558.5 0.0 1128.59 559.6 0.0 1077.6 595.65 0.0 1026.7 632.5 0.0 1128.0 632.8 0.0 2.0
1038 172 106 77 1039.0 172.3 0.0 1143.2 173.99 0.0 1089.7 210.45 0.0 1038.3 248.3 0.0 1140.4 248.6 0.0 2.0
# lan_2_645.jpg
1038 172 106 77 1039.0 172.3 0.0 1143.2 173.99 0.0 1089.7 210.45 0.0 1038.3 248.3 0.0 1140.4 248.6 0.0 2.0
1026 558 103 75 1027.2 558.5 0.0 1128.59 559.6 0.0 1077.6 595.65 0.0 1026.7 632.5 0.0 1128.0 632.8 0.0 2.0
880 241 156 449 892.4 241.5 0.0 1035.32 244.01 0.0 958.3 465.55 0.0 880.7 688.5 0.0 1024.2 689.6 0.0 1.0
# lan_2_646.jpg
880 241 156 449 892.4 241.5 0.0 1035.32 244.01 0.0 958.3 465.55 0.0 880.7 688.5 0.0 1024.2 689.6 0.0 1.0
1026 558 103 75 1027.2 558.5 0.0 1128.59 559.6 0.0 1077.6 595.65 0.0 1026.7 632.5 0.0 1128.0 632.8 0.0 2.0
1038 172 106 77 1039.0 172.3 0.0 1143.2 173.99 0.0 1089.7 210.45 0.0 1038.3 248.3 0.0 1140.4 248.6 0.0 2.0
# lan_2_647.jpg
1038 172 106 77 1039.0 172.3 0.0 1143.2 173.99 0.0 1089.7 210.45 0.0 1038.3 248.3 0.0 1140.4 248.6 0.0 2.0
1026 558 103 75 1027.2 558.5 0.0 1128.59 559.6 0.0 1077.6 595.65 0.0 1026.7 632.5 0.0 1128.0 632.8 0.0 2.0
880 241 156 449 892.4 241.5 0.0 1035.32 244.01 0.0 958.3 465.55 0.0 880.7 688.5 0.0 1024.2 689.6 0.0 1.0
# lan_2_648.jpg
1038 172 106 77 1039.0 172.3 0.0 1143.2 173.99 0.0 1089.7 210.45 0.0 1038.3 248.3 0.0 1140.4 248.6 0.0 2.0
1026 558 103 75 1027.2 558.5 0.0 1128.59 559.6 0.0 1077.6 595.65 0.0 1026.7 632.5 0.0 1128.0 632.8 0.0 2.0
880 241 156 449 892.4 241.5 0.0 1035.32 244.01 0.0 958.3 465.55 0.0 880.7 688.5 0.0 1024.2 689.6 0.0 1.0
# lan_2_649.jpg
1038 172 106 77 1039.0 172.3 0.0 1143.2 173.99 0.0 1089.7 210.45 0.0 1038.3 248.3 0.0 1140.4 248.6 0.0 2.0
1026 558 103 75 1027.2 558.5 0.0 1128.59 559.6 0.0 1077.6 595.65 0.0 1026.7 632.5 0.0 1128.0 632.8 0.0 2.0
880 241 156 449 892.4 241.5 0.0 1035.32 244.01 0.0 958.3 465.55 0.0 880.7 688.5 0.0 1024.2 689.6 0.0 1.0
# lan_2_651.jpg
1037 172 105 77 1038.1 174.0 0.0 1140.4 172.6 0.0 1089.9099999999999 211.17000000000002 0.0 1037.4 248.3 0.0 1141.72 248.34 0.0 2.0
1025 557 106 80 1027.42 557.91 0.0 1130.51 558.72 0.0 1078.9650000000001 597.185 0.0 1025.78 634.82 0.0 1130.51 636.46 0.0 2.0
881 241 154 447 891.7 241.7 0.0 1034.7 244.1 0.0 958.15 464.75 0.0 881.7 687.6 0.0 1024.6 687.8 0.0 1.0
# lan_2_652.jpg
1037 172 105 77 1038.1 174.0 0.0 1140.4 172.6 0.0 1089.9099999999999 211.17000000000002 0.0 1037.4 248.3 0.0 1141.72 248.34 0.0 2.0
1025 557 106 80 1027.42 557.91 0.0 1130.51 558.72 0.0 1078.9650000000001 597.185 0.0 1025.78 634.82 0.0 1130.51 636.46 0.0 2.0
881 241 154 447 891.7 241.7 0.0 1034.7 244.1 0.0 958.15 464.75 0.0 881.7 687.6 0.0 1024.6 687.8 0.0 1.0
# lan_2_653.jpg
1025 557 106 80 1027.42 557.91 0.0 1130.51 558.72 0.0 1078.9650000000001 597.185 0.0 1025.78 634.82 0.0 1130.51 636.46 0.0 2.0
1037 172 105 77 1038.1 174.0 0.0 1140.4 172.6 0.0 1089.9099999999999 211.17000000000002 0.0 1037.4 248.3 0.0 1141.72 248.34 0.0 2.0
881 241 154 447 891.7 241.7 0.0 1034.7 244.1 0.0 958.15 464.75 0.0 881.7 687.6 0.0 1024.6 687.8 0.0 1.0
# lan_2_654.jpg
1037 172 105 77 1038.1 174.0 0.0 1140.4 172.6 0.0 1089.9099999999999 211.17000000000002 0.0 1037.4 248.3 0.0 1141.72 248.34 0.0 2.0
1025 557 106 80 1027.42 557.91 0.0 1130.51 558.72 0.0 1078.9650000000001 597.185 0.0 1025.78 634.82 0.0 1130.51 636.46 0.0 2.0
881 241 154 447 891.7 241.7 0.0 1034.7 244.1 0.0 958.15 464.75 0.0 881.7 687.6 0.0 1024.6 687.8 0.0 1.0
# lan_2_655.jpg
1037 172 105 77 1038.1 174.0 0.0 1140.4 172.6 0.0 1089.9099999999999 211.17000000000002 0.0 1037.4 248.3 0.0 1141.72 248.34 0.0 2.0
1025 557 106 80 1027.42 557.91 0.0 1130.51 558.72 0.0 1078.9650000000001 597.185 0.0 1025.78 634.82 0.0 1130.51 636.46 0.0 2.0
881 241 154 447 891.7 241.7 0.0 1034.7 244.1 0.0 958.15 464.75 0.0 881.7 687.6 0.0 1024.6 687.8 0.0 1.0
# lan_2_661.jpg
1050 75 134 98 1052.06 75.16 0.0 1183.32 75.16 0.0 1116.835 123.745 0.0 1050.35 170.63 0.0 1181.61 172.33 0.0 2.0
1037 557 133 98 1038.56 557.22 0.0 1169.48 558.59 0.0 1103.675 605.975 0.0 1037.88 654.05 0.0 1168.79 654.73 0.0 2.0
856 162 193 563 870.9 162.4 0.0 1048.85 165.26 0.0 952.9000000000001 443.3 0.0 856.5 721.3 0.0 1034.9 724.2 0.0 1.0
# lan_2_671.jpg
1058 157 145 107 1059.02 157.29 0.0 1202.02 157.77 0.0 1130.2849999999999 210.325 0.0 1058.55 262.89 0.0 1201.55 263.36 0.0 2.0
1045 682 144 106 1046.78 682.72 0.0 1188.44 684.3 0.0 1117.02 735.005 0.0 1045.99 787.29 0.0 1187.26 787.29 0.0 2.0
847 252 210 612 863.0 252.7 0.0 1056.27 254.22 0.0 952.15 557.85 0.0 847.3 859.1 0.0 1041.3 863.0 0.0 1.0
# lan_2_672.jpg
1058 157 145 107 1059.02 157.29 0.0 1202.02 157.77 0.0 1130.2849999999999 210.325 0.0 1058.55 262.89 0.0 1201.55 263.36 0.0 2.0
1045 682 144 106 1046.78 682.72 0.0 1188.44 684.3 0.0 1117.02 735.005 0.0 1045.99 787.29 0.0 1187.26 787.29 0.0 2.0
847 252 210 612 863.0 252.7 0.0 1056.27 254.22 0.0 952.15 557.85 0.0 847.3 859.1 0.0 1041.3 863.0 0.0 1.0
# lan_2_675.jpg
847 252 210 612 863.0 252.7 0.0 1056.27 254.22 0.0 952.15 557.85 0.0 847.3 859.1 0.0 1041.3 863.0 0.0 1.0
1045 682 144 106 1046.78 682.72 0.0 1188.44 684.3 0.0 1117.02 735.005 0.0 1045.99 787.29 0.0 1187.26 787.29 0.0 2.0
1058 157 145 107 1059.02 157.29 0.0 1202.02 157.77 0.0 1130.2849999999999 210.325 0.0 1058.55 262.89 0.0 1201.55 263.36 0.0 2.0
# lan_2_677.jpg
847 252 210 612 863.0 252.7 0.0 1056.27 254.22 0.0 952.15 557.85 0.0 847.3 859.1 0.0 1041.3 863.0 0.0 1.0
1045 682 144 106 1046.78 682.72 0.0 1188.44 684.3 0.0 1117.02 735.005 0.0 1045.99 787.29 0.0 1187.26 787.29 0.0 2.0
1058 157 145 107 1059.02 157.29 0.0 1202.02 157.77 0.0 1130.2849999999999 210.325 0.0 1058.55 262.89 0.0 1201.55 263.36 0.0 2.0
# lan_2_678.jpg
847 252 210 612 863.0 252.7 0.0 1056.27 254.22 0.0 952.15 557.85 0.0 847.3 859.1 0.0 1041.3 863.0 0.0 1.0
1045 682 144 106 1046.78 682.72 0.0 1188.44 684.3 0.0 1117.02 735.005 0.0 1045.99 787.29 0.0 1187.26 787.29 0.0 2.0
1058 157 145 107 1059.02 157.29 0.0 1202.02 157.77 0.0 1130.2849999999999 210.325 0.0 1058.55 262.89 0.0 1201.55 263.36 0.0 2.0
# lan_2_679.jpg
1058 157 145 107 1059.02 157.29 0.0 1202.02 157.77 0.0 1130.2849999999999 210.325 0.0 1058.55 262.89 0.0 1201.55 263.36 0.0 2.0
1045 682 144 106 1046.78 682.72 0.0 1188.44 684.3 0.0 1117.02 735.005 0.0 1045.99 787.29 0.0 1187.26 787.29 0.0 2.0
847 252 210 612 863.0 252.7 0.0 1056.27 254.22 0.0 952.15 557.85 0.0 847.3 859.1 0.0 1041.3 863.0 0.0 1.0
# lan_2_680.jpg
1060 158 141 105 1063.04 158.26 0.0 1200.19 158.26 0.0 1131.615 210.57999999999998 0.0 1060.21 262.9 0.0 1200.19 262.9 0.0 2.0
1043 682 147 106 1044.16 682.92 0.0 1189.48 683.9 0.0 1115.345 735.45 0.0 1043.17 786.02 0.0 1186.53 787.98 0.0 2.0
847 252 211 610 862.09 252.22 0.0 1057.69 254.58 0.0 951.6400000000001 556.805 0.0 847.4 859.4 0.0 1041.19 861.39 0.0 1.0
# lan_2_682.jpg
1060 158 141 105 1063.04 158.26 0.0 1200.19 158.26 0.0 1131.615 210.57999999999998 0.0 1060.21 262.9 0.0 1200.19 262.9 0.0 2.0
1043 682 147 106 1044.16 682.92 0.0 1189.48 683.9 0.0 1115.345 735.45 0.0 1043.17 786.02 0.0 1186.53 787.98 0.0 2.0
847 252 211 610 862.09 252.22 0.0 1057.69 254.58 0.0 951.6400000000001 556.805 0.0 847.4 859.4 0.0 1041.19 861.39 0.0 1.0
# lan_2_683.jpg
1060 158 141 105 1063.04 158.26 0.0 1200.19 158.26 0.0 1131.615 210.57999999999998 0.0 1060.21 262.9 0.0 1200.19 262.9 0.0 2.0
1043 682 147 106 1044.16 682.92 0.0 1189.48 683.9 0.0 1115.345 735.45 0.0 1043.17 786.02 0.0 1186.53 787.98 0.0 2.0
847 252 211 610 862.09 252.22 0.0 1057.69 254.58 0.0 951.6400000000001 556.805 0.0 847.4 859.4 0.0 1041.19 861.39 0.0 1.0
# lan_2_684.jpg
847 252 211 610 862.09 252.22 0.0 1057.69 254.58 0.0 951.6400000000001 556.805 0.0 847.4 859.4 0.0 1041.19 861.39 0.0 1.0
1043 682 147 106 1044.16 682.92 0.0 1189.48 683.9 0.0 1115.345 735.45 0.0 1043.17 786.02 0.0 1186.53 787.98 0.0 2.0
1060 158 141 105 1063.04 158.26 0.0 1200.19 158.26 0.0 1131.615 210.57999999999998 0.0 1060.21 262.9 0.0 1200.19 262.9 0.0 2.0
# lan_2_685.jpg
1060 158 141 105 1063.04 158.26 0.0 1200.19 158.26 0.0 1131.615 210.57999999999998 0.0 1060.21 262.9 0.0 1200.19 262.9 0.0 2.0
1043 682 147 106 1044.16 682.92 0.0 1189.48 683.9 0.0 1115.345 735.45 0.0 1043.17 786.02 0.0 1186.53 787.98 0.0 2.0
847 252 211 610 862.09 252.22 0.0 1057.69 254.58 0.0 951.6400000000001 556.805 0.0 847.4 859.4 0.0 1041.19 861.39 0.0 1.0
# lan_2_687.jpg
847 252 211 610 862.09 252.22 0.0 1057.69 254.58 0.0 951.6400000000001 556.805 0.0 847.4 859.4 0.0 1041.19 861.39 0.0 1.0
1043 682 147 106 1044.16 682.92 0.0 1189.48 683.9 0.0 1115.345 735.45 0.0 1043.17 786.02 0.0 1186.53 787.98 0.0 2.0
1060 158 141 105 1063.04 158.26 0.0 1200.19 158.26 0.0 1131.615 210.57999999999998 0.0 1060.21 262.9 0.0 1200.19 262.9 0.0 2.0
# lan_2_688.jpg
1060 158 141 105 1063.04 158.26 0.0 1200.19 158.26 0.0 1131.615 210.57999999999998 0.0 1060.21 262.9 0.0 1200.19 262.9 0.0 2.0
1043 682 147 106 1044.16 682.92 0.0 1189.48 683.9 0.0 1115.345 735.45 0.0 1043.17 786.02 0.0 1186.53 787.98 0.0 2.0
847 252 211 610 862.09 252.22 0.0 1057.69 254.58 0.0 951.6400000000001 556.805 0.0 847.4 859.4 0.0 1041.19 861.39 0.0 1.0
# lan_2_689.jpg
1060 158 141 105 1063.04 158.26 0.0 1200.19 158.26 0.0 1131.615 210.57999999999998 0.0 1060.21 262.9 0.0 1200.19 262.9 0.0 2.0
847 252 211 610 862.09 252.22 0.0 1057.69 254.58 0.0 951.6400000000001 556.805 0.0 847.4 859.4 0.0 1041.19 861.39 0.0 1.0
1043 682 147 106 1044.16 682.92 0.0 1189.48 683.9 0.0 1115.345 735.45 0.0 1043.17 786.02 0.0 1186.53 787.98 0.0 2.0
# lan_2_691.jpg
1058 157 145 108 1061.38 157.84 0.0 1202.3 158.98 0.0 1131.27 211.255 0.0 1058.54 263.53 0.0 1201.16 264.67 0.0 2.0
1043 682 148 106 1045.98 682.65 0.0 1190.36 683.79 0.0 1115.8899999999999 735.2249999999999 0.0 1043.71 787.21 0.0 1185.8 787.8 0.0 2.0
848 251 210 612 863.0 251.9 0.0 1057.45 253.52 0.0 952.745 557.1750000000001 0.0 848.0 859.3 0.0 1042.49 862.45 0.0 1.0
# lan_2_693.jpg
848 251 210 612 863.0 251.9 0.0 1057.45 253.52 0.0 952.745 557.1750000000001 0.0 848.0 859.3 0.0 1042.49 862.45 0.0 1.0
1043 682 148 106 1045.98 682.65 0.0 1190.36 683.79 0.0 1115.8899999999999 735.2249999999999 0.0 1043.71 787.21 0.0 1185.8 787.8 0.0 2.0
1058 157 145 108 1061.38 157.84 0.0 1202.3 158.98 0.0 1131.27 211.255 0.0 1058.54 263.53 0.0 1201.16 264.67 0.0 2.0
# lan_2_694.jpg
1058 157 145 108 1061.38 157.84 0.0 1202.3 158.98 0.0 1131.27 211.255 0.0 1058.54 263.53 0.0 1201.16 264.67 0.0 2.0
1043 682 148 106 1045.98 682.65 0.0 1190.36 683.79 0.0 1115.8899999999999 735.2249999999999 0.0 1043.71 787.21 0.0 1185.8 787.8 0.0 2.0
848 251 210 612 863.0 251.9 0.0 1057.45 253.52 0.0 952.745 557.1750000000001 0.0 848.0 859.3 0.0 1042.49 862.45 0.0 1.0
# lan_2_695.jpg
848 251 210 612 863.0 251.9 0.0 1057.45 253.52 0.0 952.745 557.1750000000001 0.0 848.0 859.3 0.0 1042.49 862.45 0.0 1.0
1043 682 148 106 1045.98 682.65 0.0 1190.36 683.79 0.0 1115.8899999999999 735.2249999999999 0.0 1043.71 787.21 0.0 1185.8 787.8 0.0 2.0
1058 157 145 108 1061.38 157.84 0.0 1202.3 158.98 0.0 1131.27 211.255 0.0 1058.54 263.53 0.0 1201.16 264.67 0.0 2.0
# lan_2_698.jpg
1058 157 145 108 1061.38 157.84 0.0 1202.3 158.98 0.0 1131.27 211.255 0.0 1058.54 263.53 0.0 1201.16 264.67 0.0 2.0
1043 682 148 106 1045.98 682.65 0.0 1190.36 683.79 0.0 1115.8899999999999 735.2249999999999 0.0 1043.71 787.21 0.0 1185.8 787.8 0.0 2.0
848 251 210 612 863.0 251.9 0.0 1057.45 253.52 0.0 952.745 557.1750000000001 0.0 848.0 859.3 0.0 1042.49 862.45 0.0 1.0
# lan_2_700.jpg
1045 681 146 106 1045.79 681.29 0.0 1190.31 682.48 0.0 1116.705 733.6949999999999 0.0 1045.19 784.6 0.0 1187.62 786.1 0.0 2.0
847 251 210 611 862.3 251.4 0.0 1056.54 252.47 0.0 952.43 556.325 0.0 847.3 858.4 0.0 1042.56 861.25 0.0 1.0
1059 155 143 106 1062.63 155.93 0.0 1201.94 157.65 0.0 1131.865 208.365 0.0 1059.62 260.41 0.0 1201.1 260.8 0.0 2.0
# lan_2_701.jpg
847 251 210 611 862.3 251.4 0.0 1056.54 252.47 0.0 952.43 556.325 0.0 847.3 858.4 0.0 1042.56 861.25 0.0 1.0
1045 681 146 106 1045.79 681.29 0.0 1190.31 682.48 0.0 1116.705 733.6949999999999 0.0 1045.19 784.6 0.0 1187.62 786.1 0.0 2.0
1059 155 143 106 1062.63 155.93 0.0 1201.94 157.65 0.0 1131.865 208.365 0.0 1059.62 260.41 0.0 1201.1 260.8 0.0 2.0
# lan_2_702.jpg
1059 155 143 106 1062.63 155.93 0.0 1201.94 157.65 0.0 1131.865 208.365 0.0 1059.62 260.41 0.0 1201.1 260.8 0.0 2.0
1045 681 146 106 1045.79 681.29 0.0 1190.31 682.48 0.0 1116.705 733.6949999999999 0.0 1045.19 784.6 0.0 1187.62 786.1 0.0 2.0
847 251 210 611 862.3 251.4 0.0 1056.54 252.47 0.0 952.43 556.325 0.0 847.3 858.4 0.0 1042.56 861.25 0.0 1.0
# lan_2_703.jpg
1059 155 143 106 1062.63 155.93 0.0 1201.94 157.65 0.0 1131.865 208.365 0.0 1059.62 260.41 0.0 1201.1 260.8 0.0 2.0
1045 681 146 106 1045.79 681.29 0.0 1190.31 682.48 0.0 1116.705 733.6949999999999 0.0 1045.19 784.6 0.0 1187.62 786.1 0.0 2.0
847 251 210 611 862.3 251.4 0.0 1056.54 252.47 0.0 952.43 556.325 0.0 847.3 858.4 0.0 1042.56 861.25 0.0 1.0
# lan_2_704.jpg
847 251 210 611 862.3 251.4 0.0 1056.54 252.47 0.0 952.43 556.325 0.0 847.3 858.4 0.0 1042.56 861.25 0.0 1.0
1059 155 143 106 1062.63 155.93 0.0 1201.94 157.65 0.0 1131.865 208.365 0.0 1059.62 260.41 0.0 1201.1 260.8 0.0 2.0
1045 681 146 106 1045.79 681.29 0.0 1190.31 682.48 0.0 1116.705 733.6949999999999 0.0 1045.19 784.6 0.0 1187.62 786.1 0.0 2.0
